100
16
64 47 72 64 45 57 39 46 81 40 36 30 22 85 53 11 
15
55 56 41 87 91 77 94 11 60 13 23 92 30 8 85 
90
48 2 88 10 94 78 4 21 83 43 2 61 87 90 78 3 33 19 67 46 83 63 22 74 17 86 75 93 51 26 80 82 89 60 18 83 74 21 57 13 44 19 8 97 41 21 91 57 67 25 64 84 80 57 10 98 53 76 63 75 11 65 88 65 87 84 28 16 38 100 71 90 92 61 22 31 98 78 17 39 29 82 71 81 6 51 15 30 75 95 
49
87 95 30 86 39 4 84 20 80 24 95 64 88 2 27 21 22 7 42 5 83 72 94 62 38 45 81 14 67 31 19 59 64 50 10 70 43 14 62 39 8 31 34 4 22 30 47 21 87 
10
7 31 33 55 33 79 51 10 67 38 
4
81 56 63 2 
48
39 20 22 1 24 28 19 83 29 85 8 9 8 38 66 81 51 83 74 55 3 39 35 76 82 6 82 34 82 91 23 58 7 4 99 27 72 73 62 5 9 49 75 50 69 91 22 83 
69
41 62 55 8 90 31 43 72 53 49 5 69 52 65 79 45 78 67 34 76 88 5 44 80 62 23 9 52 37 44 13 100 100 64 19 81 20 70 76 74 36 92 91 58 53 96 99 4 81 29 41 71 98 7 80 4 6 27 23 48 72 11 58 6 81 17 87 24 53 
41
34 5 67 71 62 83 72 9 75 50 42 94 13 89 59 52 18 51 50 36 3 41 56 24 2 58 52 100 48 2 12 91 37 28 74 91 40 17 91 16 18 
66
41 46 89 30 35 18 57 79 17 6 5 19 25 78 58 80 73 2 65 48 94 57 98 90 41 60 21 29 59 56 40 80 46 40 25 90 54 34 29 95 53 32 33 66 11 90 65 76 52 50 46 24 67 99 96 89 3 29 43 53 100 25 9 40 9 77 
85
69 83 91 55 82 16 18 100 2 89 99 91 66 21 77 48 64 67 100 99 4 17 55 96 55 70 45 26 74 5 60 46 27 95 35 22 82 59 9 97 7 100 6 32 22 27 95 66 26 30 4 76 26 91 2 8 70 29 89 18 90 91 34 27 60 30 2 42 42 82 57 29 65 24 67 81 60 7 51 80 40 31 45 18 69 
21
77 89 61 72 28 6 52 83 54 65 96 64 89 56 34 41 21 42 24 41 93 
57
48 53 1 11 65 19 76 49 56 55 24 93 26 36 20 40 64 45 45 98 27 77 79 34 70 12 34 30 96 71 89 5 2 73 78 57 93 38 80 85 95 28 64 19 96 89 45 99 55 97 11 21 78 52 50 74 86 
54
36 97 62 33 82 35 23 94 18 65 16 76 27 71 10 29 57 8 63 3 12 88 27 78 23 63 39 75 99 36 62 84 74 26 32 20 57 85 89 34 1 88 89 85 13 14 74 67 6 51 23 90 17 41 
5
46 65 38 68 4 
53
71 94 70 36 9 16 60 89 19 97 27 45 64 38 56 55 15 73 99 84 44 68 25 47 89 26 47 94 69 51 28 89 63 62 32 19 18 24 49 79 95 96 62 77 36 83 19 33 36 44 44 74 35 
26
61 47 20 8 46 74 24 46 78 50 88 63 10 59 6 30 55 51 71 8 47 31 29 10 68 10 
35
75 33 33 77 17 82 52 55 57 26 72 15 3 20 94 51 35 99 31 31 40 81 16 63 15 9 47 77 4 4 78 64 67 53 25 
73
1 76 55 73 56 93 37 67 76 20 77 19 75 80 20 68 64 69 14 45 40 66 75 94 53 30 55 37 2 45 21 100 66 35 7 82 36 5 85 16 16 19 40 52 92 85 17 34 37 93 6 59 58 80 68 72 5 88 75 64 14 69 97 48 1 54 49 18 83 39 43 8 39 
57
87 7 72 34 55 59 31 66 80 4 27 76 25 46 13 52 70 13 85 73 74 19 24 31 77 82 28 59 43 37 93 78 5 35 93 35 5 82 82 39 12 9 86 94 47 32 55 4 61 14 13 21 44 61 21 100 14 
29
83 49 26 38 62 98 47 12 74 11 48 24 58 98 68 65 55 26 49 54 81 57 23 97 9 32 42 96 78 
98
4 16 12 45 76 60 58 100 16 15 86 12 4 48 27 65 7 56 74 19 45 85 1 98 93 82 68 47 41 62 45 33 21 58 59 38 76 29 93 37 77 11 83 68 68 94 89 65 75 94 59 7 27 4 65 82 95 15 4 58 89 39 4 48 54 63 52 38 27 84 47 69 17 64 100 64 41 50 8 94 48 88 82 76 64 7 48 68 44 78 8 77 41 17 37 93 26 39 
35
39 96 38 96 20 13 30 21 39 98 49 84 16 20 73 91 99 28 98 25 86 49 6 56 36 93 38 91 46 7 19 64 57 60 89 
16
54 69 30 46 87 24 30 14 67 12 82 87 36 98 94 42 
98
5 100 40 86 50 13 46 64 97 30 84 98 3 40 84 70 8 11 91 18 74 49 24 18 2 69 52 30 99 22 38 73 33 23 64 65 88 3 14 3 89 29 13 49 52 7 38 74 83 50 52 30 81 39 11 10 58 61 83 83 22 23 21 14 81 31 20 99 90 47 71 86 59 66 92 85 3 55 52 68 97 50 13 73 80 43 36 87 72 67 61 77 72 80 95 99 48 40 
76
97 17 61 61 47 14 87 78 67 98 55 32 96 51 43 66 19 53 17 21 65 27 65 80 53 25 21 100 2 62 99 57 58 100 5 60 80 15 68 69 79 82 59 48 4 64 21 92 94 17 94 96 92 95 62 86 3 64 22 72 4 73 47 61 100 80 52 8 90 45 7 23 21 10 96 70 
75
17 41 49 4 34 85 80 55 9 54 37 2 81 100 15 57 54 20 9 57 37 53 45 49 17 70 71 80 43 9 68 92 13 18 15 19 36 46 33 80 57 5 79 84 41 18 62 13 40 15 34 90 90 37 11 65 62 16 96 66 16 46 9 44 78 64 12 49 66 14 6 25 50 68 67 
31
16 53 15 27 48 23 18 39 35 43 43 81 5 30 100 37 39 75 93 55 29 84 18 35 73 32 57 19 57 63 9 
16
85 55 39 29 97 32 27 36 9 23 43 46 94 27 62 10 
28
37 52 89 8 13 19 32 45 24 69 29 5 100 61 95 69 58 35 45 85 23 8 97 88 73 16 13 100 
15
14 49 40 52 18 74 15 79 89 50 45 94 30 25 79 
85
26 44 28 70 97 44 8 39 24 89 87 2 63 100 20 67 68 9 75 50 87 45 37 7 15 51 9 55 56 45 18 21 94 94 64 9 91 58 51 84 53 37 99 29 83 99 73 13 20 64 68 9 23 7 55 80 32 84 18 98 63 98 55 37 1 62 20 77 11 62 22 59 58 17 20 50 43 4 36 16 46 40 100 16 86 
32
41 46 94 85 56 28 35 96 14 91 97 17 78 18 19 30 88 86 47 89 57 9 41 77 76 61 6 82 91 71 72 32 
54
45 68 10 46 92 85 55 38 2 83 49 27 18 74 8 38 28 12 37 54 59 40 19 54 34 8 90 99 51 5 19 46 82 70 99 25 14 27 27 100 51 43 66 98 11 36 9 19 62 61 60 100 100 3 
34
17 46 44 83 95 79 78 8 94 52 100 15 97 34 6 63 59 12 9 98 64 8 61 53 36 70 18 16 87 38 60 26 38 69 
55
35 85 88 81 88 98 84 38 39 44 33 67 24 68 24 62 27 68 66 41 60 85 23 23 11 18 99 38 7 81 4 59 36 86 88 4 79 13 29 48 71 21 74 20 38 2 51 64 22 63 52 32 21 49 90 
28
6 66 46 29 88 1 14 98 99 85 5 69 77 56 3 11 35 22 25 75 1 62 86 29 72 76 78 54 
29
40 33 5 48 82 60 93 19 7 23 22 88 15 6 30 42 30 82 85 35 52 39 38 13 36 84 15 82 8 
68
27 84 23 78 7 7 55 59 87 50 70 16 69 55 11 72 73 38 64 7 15 34 86 11 19 45 39 93 4 83 99 91 39 50 58 9 100 1 49 13 1 38 83 40 21 71 18 90 52 36 14 41 62 77 9 45 57 39 75 94 83 89 64 58 74 99 24 72 
69
71 67 34 56 6 61 3 48 62 23 100 50 73 19 80 32 32 44 93 88 69 74 22 63 34 92 97 17 71 30 45 15 77 89 13 8 52 45 74 65 2 51 79 19 57 15 81 51 19 92 52 51 48 53 13 34 72 46 77 50 73 68 64 85 99 32 82 78 38 
67
20 36 24 2 22 71 100 28 59 57 78 24 29 16 60 59 95 35 76 31 77 86 86 61 91 10 37 92 89 48 33 82 97 41 44 83 97 90 81 71 62 72 100 53 9 50 24 90 25 54 41 22 58 10 26 17 88 68 74 32 59 8 41 3 61 44 33 
74
20 56 54 87 95 67 67 35 23 89 61 2 54 95 13 72 90 32 13 41 42 90 87 29 95 36 34 65 61 89 49 33 16 49 37 2 93 62 9 61 11 34 100 48 63 78 58 73 55 66 35 89 70 19 32 31 9 54 91 97 72 4 98 53 92 45 55 4 88 92 79 36 61 79 
67
64 91 71 29 24 80 55 15 76 47 49 89 57 29 5 94 82 3 97 13 5 29 56 100 6 68 75 16 67 70 25 26 13 42 90 34 65 70 42 18 79 81 87 90 39 24 72 89 29 85 96 42 99 53 59 4 76 22 78 46 71 49 36 47 83 12 71 
65
10 8 5 40 25 37 93 86 14 78 69 65 69 78 73 53 19 38 60 98 73 97 49 11 3 51 73 68 20 62 95 66 80 22 83 85 3 9 39 83 58 13 39 10 27 6 85 37 90 36 68 19 45 2 52 13 64 74 30 31 22 43 24 36 38 
53
84 21 25 24 81 3 22 71 26 52 83 22 38 67 12 6 56 7 70 8 4 66 89 64 69 78 17 71 8 96 86 15 12 23 26 63 92 59 31 35 74 86 72 69 86 76 56 87 62 38 73 11 63 
10
28 77 48 57 86 91 73 82 32 7 
75
37 66 40 22 82 52 30 59 9 59 87 99 73 3 34 92 56 81 7 42 35 94 43 93 86 4 38 33 86 61 34 73 41 62 62 76 22 58 30 21 93 27 81 63 97 8 40 13 76 4 49 69 51 85 8 58 20 68 80 78 20 33 82 78 20 90 65 39 17 29 86 1 74 53 14 
44
35 64 47 96 20 78 56 53 24 1 63 37 46 66 10 86 15 43 14 59 26 45 46 77 88 52 59 69 96 36 42 28 26 6 43 7 6 96 4 52 68 81 9 49 
25
77 51 48 20 63 38 46 50 84 64 8 15 55 91 98 34 1 85 14 67 11 54 49 27 78 
98
40 20 10 57 82 21 70 87 71 44 11 75 8 17 86 71 94 94 75 97 25 6 64 60 82 70 31 58 18 11 63 41 40 71 76 99 88 66 4 63 77 4 1 88 78 60 56 84 85 73 88 9 84 94 60 75 64 3 53 42 14 53 84 61 23 31 42 36 87 95 64 85 5 83 97 53 18 41 86 10 76 55 9 36 45 19 22 32 4 86 42 71 33 59 64 47 11 26 
44
82 95 50 26 56 75 8 100 91 26 96 95 89 46 29 31 29 6 73 33 33 66 58 5 87 71 27 16 86 39 9 95 64 96 37 85 37 91 62 85 1 29 99 92 
17
57 71 86 84 37 15 6 37 26 80 87 45 56 2 75 90 27 
12
47 83 6 69 65 22 37 82 70 59 22 24 
76
91 16 45 9 46 32 42 8 32 76 32 39 10 16 92 6 99 42 27 23 53 5 93 79 94 14 24 76 54 99 85 36 67 51 63 16 1 57 23 64 3 60 78 90 28 44 76 93 86 34 62 92 69 74 31 99 33 72 32 33 85 19 60 87 91 70 96 92 48 75 24 21 93 34 6 75 
54
30 40 11 46 70 8 93 67 91 33 16 52 8 33 49 64 6 2 98 45 61 98 65 28 14 54 57 75 39 19 67 52 67 34 93 72 63 50 7 64 1 61 51 50 39 77 99 47 16 98 100 100 64 75 
2
99 34 
20
29 51 29 79 50 39 76 83 30 19 43 56 22 19 49 73 79 95 59 98 
4
35 73 74 78 
92
35 24 12 92 63 4 63 15 9 96 11 34 79 11 3 99 23 46 1 4 9 2 65 80 81 85 24 7 65 88 8 50 75 24 78 52 25 20 35 27 68 67 83 73 66 14 83 92 63 60 13 4 23 11 1 24 2 14 26 20 44 73 89 65 6 45 57 33 44 53 48 69 5 11 1 69 88 91 67 3 44 93 33 46 66 10 66 79 29 12 82 41 
98
61 82 90 93 37 77 6 12 27 27 91 71 2 78 13 64 44 7 95 88 90 82 2 41 33 65 54 21 61 78 86 11 24 98 35 57 9 77 12 50 97 56 33 36 94 98 41 80 11 46 32 5 55 47 25 22 93 61 56 88 59 31 43 36 65 78 46 60 89 69 77 12 61 42 29 47 33 88 65 51 33 84 3 85 4 97 77 48 70 39 85 53 31 75 53 51 98 17 
59
20 21 38 36 51 49 49 49 68 49 80 14 93 22 14 91 34 13 35 65 51 80 42 70 88 81 46 59 9 65 4 36 99 73 44 1 56 94 34 80 14 58 83 55 22 57 52 76 42 5 10 74 3 6 39 66 81 37 20 
89
55 51 47 39 47 96 86 65 41 36 9 15 83 66 77 37 50 92 37 31 11 30 74 2 4 42 53 25 4 78 16 16 3 8 49 55 55 63 73 95 92 47 77 65 50 27 17 87 57 45 98 22 96 50 22 24 86 42 65 95 41 74 26 51 99 91 35 1 3 2 85 7 92 39 31 74 12 87 32 41 87 41 23 84 65 86 23 93 49 
71
83 49 96 7 15 22 54 26 20 20 83 89 45 26 20 23 22 50 43 40 25 51 52 40 55 38 2 9 52 39 58 93 2 90 53 18 59 70 76 39 77 16 71 56 49 55 26 84 59 58 68 34 41 42 61 37 30 38 75 45 26 40 75 43 43 15 76 67 37 10 8 
31
5 25 91 90 66 10 21 10 74 25 95 75 64 21 56 34 9 31 64 4 100 16 29 59 49 82 50 33 70 34 60 
2
57 40 
83
61 8 83 85 21 58 75 49 18 49 4 42 33 40 94 1 20 7 65 49 83 57 13 37 14 53 18 3 24 12 52 71 27 58 47 62 45 55 93 100 70 32 88 96 39 30 61 66 75 50 33 61 24 90 24 50 96 55 79 45 4 39 46 91 33 9 17 60 77 6 90 69 92 50 44 20 64 44 3 23 41 10 8 
91
66 33 53 54 16 88 12 22 52 98 33 31 42 60 90 55 82 3 74 61 36 19 24 88 16 37 73 48 76 39 88 65 88 26 10 23 34 67 58 6 82 72 21 60 40 16 1 23 65 33 14 27 34 58 25 67 14 54 65 38 22 96 87 5 16 64 59 55 93 16 67 66 79 2 46 96 29 93 70 68 27 5 73 2 73 28 86 92 8 99 26 
31
45 82 61 2 68 71 94 89 27 68 38 36 94 19 73 72 66 10 25 98 79 19 75 36 31 33 95 1 20 63 100 
89
27 72 76 75 41 24 37 17 50 95 12 17 85 12 25 73 95 63 39 50 100 66 41 28 98 80 49 57 7 67 28 18 5 15 46 82 63 27 7 78 35 76 7 10 78 28 22 30 80 53 99 26 1 58 86 93 91 85 55 96 32 50 9 8 2 35 62 6 34 40 81 98 38 32 22 45 70 4 13 22 69 92 65 64 35 4 50 29 10 
41
33 46 93 76 7 61 60 91 25 35 89 45 98 80 3 90 33 87 25 100 9 47 65 95 46 30 58 32 73 47 6 12 83 7 88 39 11 3 77 55 82 
17
70 53 62 44 93 51 61 33 15 67 78 16 57 19 29 94 58 
61
20 11 89 69 14 39 91 49 39 1 66 40 93 4 15 26 1 94 25 59 37 78 76 13 20 56 89 64 78 18 62 36 50 29 49 25 81 70 72 10 6 7 31 98 58 77 73 20 40 14 4 61 37 81 83 40 32 13 21 33 2 
36
36 56 88 30 67 31 49 64 44 83 85 89 28 84 62 50 56 17 30 40 16 82 85 72 50 1 65 10 69 6 52 79 78 14 81 52 
11
84 96 78 86 56 46 63 65 35 96 72 
83
18 88 53 37 85 46 42 91 47 72 55 68 72 64 43 25 94 41 56 96 16 76 2 48 68 20 29 1 90 64 19 12 85 20 19 65 75 32 15 54 12 64 72 8 55 10 88 49 99 40 14 64 70 25 97 48 87 100 67 21 62 15 4 29 38 33 51 82 31 65 47 33 60 81 33 27 58 83 10 61 61 15 83 
73
59 53 84 11 71 72 41 57 75 44 37 99 85 20 82 22 70 47 30 15 76 55 27 54 22 46 33 39 33 25 97 68 42 18 85 29 65 18 31 65 56 55 28 50 57 79 22 7 55 89 16 27 36 87 56 4 30 12 53 33 63 30 46 13 79 88 22 30 76 50 98 17 74 
65
84 18 78 29 33 77 83 16 93 34 75 96 73 43 71 68 90 60 82 15 64 28 12 73 14 45 34 71 52 76 40 69 44 38 97 86 89 98 66 94 81 36 82 38 47 93 77 82 4 44 87 59 37 17 83 35 12 11 55 81 18 87 38 39 18 
51
18 62 20 12 15 73 64 37 40 58 60 27 51 98 15 41 26 70 96 3 76 6 70 33 52 40 41 18 26 96 41 33 36 62 33 25 87 9 27 8 54 99 82 37 37 77 12 14 38 53 61 
31
20 68 3 85 93 73 7 89 2 99 53 32 36 54 16 55 45 72 52 95 19 29 23 71 56 50 81 29 23 2 91 
33
79 47 59 43 33 63 26 72 6 56 54 64 97 64 77 75 94 44 20 8 24 49 17 29 100 65 75 84 70 16 72 57 96 
78
22 93 57 54 17 94 83 87 48 13 52 18 4 80 41 17 16 64 13 18 43 62 36 47 47 84 91 76 31 74 15 78 4 13 36 22 19 1 57 21 35 2 24 99 33 84 75 93 15 83 17 88 96 11 5 31 43 4 21 68 12 74 30 5 17 29 67 68 86 91 51 1 15 24 62 56 84 53 
20
58 64 52 32 44 86 100 87 97 17 54 89 67 11 35 98 98 73 95 37 
88
85 17 69 80 88 7 74 27 93 72 7 36 41 65 71 61 76 41 5 6 48 80 78 14 37 50 58 6 84 71 59 40 68 18 89 88 82 83 87 51 76 49 44 65 57 16 10 79 38 2 55 61 84 100 97 39 48 71 20 55 59 55 33 10 67 52 57 3 97 87 90 21 1 76 13 63 51 2 13 66 64 98 74 10 4 100 46 72 
17
34 68 20 4 14 86 13 66 97 97 45 62 57 58 67 16 65 
99
57 1 59 30 15 62 3 38 45 86 68 80 37 36 26 27 81 28 47 67 26 29 19 42 13 35 67 96 72 18 47 33 88 46 90 44 17 52 39 34 7 9 66 11 48 78 56 97 3 72 31 15 15 68 68 95 83 46 62 27 20 21 43 17 39 58 5 21 89 74 87 51 43 49 88 81 87 93 21 49 25 6 74 31 50 47 80 69 11 85 22 68 88 87 89 59 38 9 46 
90
77 49 74 56 50 14 68 47 62 23 66 64 63 36 19 66 55 11 17 84 66 46 31 59 79 94 13 12 93 3 94 66 92 11 54 22 31 13 40 32 71 82 30 29 50 97 84 37 53 86 85 99 22 52 76 31 93 68 91 32 89 77 33 89 63 45 29 29 38 16 9 73 48 8 32 5 25 24 87 76 60 82 50 15 6 90 14 4 91 52 
86
18 57 29 83 61 60 20 56 32 67 32 82 9 17 84 11 95 40 87 50 78 20 57 62 39 15 86 6 60 96 37 51 74 38 96 68 67 70 82 79 59 23 97 9 62 96 41 32 8 91 85 30 27 6 85 90 88 99 91 45 64 56 65 91 50 50 43 11 90 49 33 62 79 25 16 32 44 35 29 39 28 91 18 22 32 17 
56
57 18 13 93 34 47 19 23 59 95 59 36 77 64 46 51 53 68 37 23 72 64 9 11 100 10 23 82 57 25 85 40 73 24 94 76 8 23 90 83 70 40 41 73 66 49 67 2 87 77 100 88 49 18 23 99 
3
87 20 41 
2
61 30 
28
68 42 21 24 38 100 72 33 19 19 82 48 46 98 87 29 89 95 65 9 87 89 8 89 19 62 25 59 
62
21 41 19 23 53 18 21 1 79 94 9 21 72 16 59 57 55 35 92 67 22 64 88 46 90 24 57 77 84 58 96 9 41 30 67 42 41 57 15 41 80 79 63 13 52 19 64 38 15 41 3 17 29 74 88 57 20 59 31 21 4 87 
80
55 16 35 7 45 97 19 54 74 82 15 27 19 79 77 61 70 3 92 86 87 28 46 72 85 40 66 20 19 15 21 72 12 98 30 55 76 22 95 87 20 25 14 22 15 52 60 5 33 34 73 17 12 40 80 6 2 98 88 78 55 52 83 94 31 64 10 43 94 55 57 56 62 35 53 42 28 8 11 88 
47
77 95 52 14 25 52 49 48 33 97 14 68 24 5 71 30 78 68 19 48 77 22 6 29 30 67 36 76 26 87 2 64 96 30 95 99 18 19 97 63 42 94 85 52 79 68 28 
99
99 58 79 74 12 49 18 81 18 24 1 93 59 87 67 43 42 46 70 96 28 77 42 26 80 10 25 17 40 95 51 31 8 94 72 92 87 10 31 14 68 49 83 100 67 91 7 78 91 8 45 20 70 72 76 22 23 34 24 96 72 18 30 53 9 56 88 42 71 90 52 96 67 29 76 5 49 23 6 99 45 71 9 5 33 94 23 35 77 52 48 4 42 86 84 99 64 79 40 
51
7 48 91 98 32 80 22 72 13 52 52 7 25 55 60 37 49 42 8 21 32 10 51 83 31 22 96 3 60 31 89 100 79 24 87 26 99 15 83 80 76 89 97 69 50 41 83 89 89 28 85 
4
4 83 32 55 
90
62 20 38 7 4 73 57 81 71 43 90 31 5 98 62 58 62 58 63 89 4 79 89 61 45 75 80 2 8 6 66 12 87 7 44 74 91 86 6 43 84 33 3 13 50 59 42 22 72 17 95 73 12 95 85 22 24 99 44 89 16 39 78 97 88 37 33 16 6 30 23 69 35 56 80 56 47 69 92 73 66 24 47 88 66 94 73 96 13 75 
1
23 
67
78 7 52 1 58 53 50 32 99 31 8 12 84 43 93 50 54 72 87 72 57 33 78 57 58 8 50 5 56 19 13 14 19 59 58 10 18 87 83 70 92 80 48 12 49 78 16 46 81 29 83 59 66 37 12 5 14 95 25 67 91 6 65 71 6 56 70 
