Test Cases:
100
2 10 13
7 18 5
4 13 7
8 12 9
6 2 14
8 19 17
1 17 16
2 7 14
2 8 9
9 6 1
3 19 14
8 4 2
3 5 6
1 5 14
5 1 11
5 2 6
8 1 18
8 11 18
9 8 17
1 16 17
5 9 17
6 0 2
1 18 10
1 6 15
7 7 2
3 3 10
9 3 10
2 17 12
9 10 17
1 2 8
9 11 1
9 7 6
8 7 11
7 11 10
3 19 16
1 18 5
2 19 8
1 12 19
8 14 2
9 7 10
5 3 14
5 13 0
2 10 2
1 3 2
2 12 16
7 7 11
7 14 5
5 18 4
7 19 2
2 3 8
6 10 9
8 0 18
4 12 3
7 15 11
7 1 3
2 11 1
4 14 0
5 5 9
1 13 3
8 13 19
3 19 19
10 10 7
5 5 12
2 11 10
7 0 2
3 1 15
8 15 12
5 17 9
7 19 18
8 5 1
5 14 14
3 1 0
10 11 14
2 7 18
10 10 19
4 14 8
1 9 5
6 15 10
7 7 17
10 0 4
8 17 2
3 13 19
8 7 18
5 6 0
8 11 2
10 3 7
7 7 4
9 15 3
1 2 8
10 13 19
7 13 13
8 5 1
9 17 15
9 9 19
1 0 1
5 10 19
7 13 14
6 12 18
1 7 18
4 12 5
