Test Cases:
100
8 18 0
5 4 7 8 3 2 1 6 
8 4 3 8 1 3 6 6 8 8 1 8 3 8 5 2 7 1 
18 15 0
1 16 7 14 11 5 8 3 2 18 9 13 17 4 12 6 10 15 
11 2 5 13 8 16 2 14 1 15 15 2 15 1 7 
4 11 0
2 3 1 4 
3 3 4 3 4 1 2 3 2 2 3 
14 10 0
14 5 7 13 4 11 10 12 8 1 9 3 2 6 
2 3 7 3 5 12 6 8 4 12 
3 9 0
2 1 3 
2 1 1 3 3 1 1 2 1 
17 13 0
6 5 17 9 12 13 3 2 1 14 10 11 8 15 4 16 7 
14 4 4 17 4 6 16 14 15 9 16 16 16 
3 18 0
2 1 3 
3 1 3 2 3 2 3 1 3 2 1 2 2 2 2 3 1 1 
2 10 0
1 2 
1 1 1 2 1 1 1 1 2 1 
11 15 0
2 7 10 4 5 9 1 8 6 11 3 
6 2 5 6 2 2 10 8 3 4 7 7 6 9 1 
20 6 0
10 18 3 17 2 13 14 8 6 19 16 12 1 5 11 7 20 9 15 4 
5 8 12 20 19 7 
17 19 0
16 15 10 6 2 14 11 9 1 3 13 8 12 17 7 4 5 
7 6 3 6 15 7 10 17 5 7 9 11 9 7 13 15 5 7 17 
11 7 0
3 9 4 8 11 10 1 2 7 5 6 
3 11 10 8 9 1 3 
5 3 0
4 3 5 1 2 
4 4 2 
14 16 0
10 5 12 14 9 13 3 11 1 2 8 4 6 7 
6 13 2 7 2 2 3 1 2 13 9 6 2 12 3 2 
9 13 0
5 6 9 1 2 4 8 3 7 
5 7 8 1 5 2 9 6 1 4 1 7 3 
5 3 0
3 4 2 1 5 
2 2 4 
10 14 0
7 6 4 10 3 5 8 2 9 1 
9 3 2 2 1 4 10 10 4 5 1 6 4 9 
16 4 0
10 13 9 3 16 12 1 15 8 4 11 2 7 5 6 14 
2 2 13 7 
4 16 0
4 2 1 3 
1 1 2 2 3 3 2 3 2 3 1 1 4 1 2 2 
4 1 0
3 1 4 2 
2 
12 8 0
7 11 9 10 3 8 5 12 6 4 2 1 
10 9 6 4 3 1 12 12 
20 14 0
12 1 7 20 5 4 3 15 11 9 18 16 14 19 6 17 2 13 10 8 
10 18 2 15 10 8 18 2 1 6 4 14 3 7 
15 3 0
5 14 1 9 4 13 8 3 6 12 10 11 2 15 7 
4 6 1 
20 3 0
16 20 3 5 12 19 11 8 4 17 9 14 1 6 2 7 13 15 18 10 
7 9 15 
3 3 0
1 3 2 
3 2 2 
16 5 0
16 3 11 7 2 5 13 10 8 4 14 6 15 12 1 9 
14 5 10 1 9 
12 16 0
12 4 2 8 1 5 3 6 11 10 7 9 
6 11 8 5 4 12 3 1 6 2 11 2 8 7 3 4 
2 12 0
2 1 
2 2 2 1 2 1 1 2 2 2 2 2 
1 12 0
1 
1 1 1 1 1 1 1 1 1 1 1 1 
9 14 0
2 7 5 1 4 6 9 8 3 
9 4 6 3 4 3 9 5 3 8 2 5 8 6 
15 5 0
8 12 14 15 10 1 5 2 11 13 3 4 9 6 7 
13 12 8 11 6 
5 14 0
2 4 5 3 1 
4 5 5 2 3 5 5 3 1 4 1 2 3 4 
17 19 0
16 10 6 17 2 12 4 14 1 15 13 3 11 5 8 7 9 
14 13 8 6 1 7 1 13 7 9 7 13 13 13 2 5 15 7 9 
6 16 0
5 1 3 4 2 6 
4 4 6 3 3 5 6 1 1 1 3 2 3 4 2 6 
6 3 0
6 1 4 5 3 2 
1 2 6 
6 11 0
3 2 6 4 5 1 
2 4 3 2 1 1 1 1 5 2 6 
16 10 0
14 16 5 9 12 6 10 1 8 11 15 13 3 2 7 4 
14 14 8 11 8 3 2 4 16 5 
1 9 0
1 
1 1 1 1 1 1 1 1 1 
18 7 0
7 3 11 17 13 14 8 5 9 18 10 2 1 16 4 12 6 15 
13 1 1 11 8 6 13 
12 19 0
9 10 8 3 2 6 12 5 4 11 7 1 
6 8 7 9 2 6 5 2 6 5 9 4 6 9 1 1 5 3 8 
15 5 0
11 7 5 2 8 6 12 15 1 9 10 13 3 4 14 
5 14 6 9 5 
7 12 0
6 4 5 1 2 3 7 
3 2 5 5 7 2 6 6 7 4 5 7 
5 4 0
2 5 3 4 1 
1 1 2 5 
14 3 0
14 8 3 11 6 5 2 10 7 1 4 9 12 13 
4 9 4 
20 3 0
20 18 7 6 16 15 17 13 2 14 12 8 11 4 19 9 1 5 10 3 
3 20 7 
5 16 0
5 3 4 2 1 
5 2 4 5 2 3 5 1 3 2 5 2 2 2 4 2 
20 12 0
18 15 12 17 1 9 3 16 6 7 19 8 20 13 14 10 4 11 2 5 
8 19 17 17 4 9 16 20 5 10 6 20 
19 5 0
6 10 5 11 15 18 7 16 1 3 14 12 8 13 9 4 17 2 19 
18 15 6 8 10 
3 14 0
1 3 2 
1 1 1 3 3 1 3 3 2 3 2 1 1 3 
17 12 0
14 7 10 11 15 2 4 12 9 1 13 6 16 8 17 3 5 
13 4 13 17 16 16 3 7 2 14 13 3 
2 17 0
2 1 
1 2 1 2 1 2 1 1 2 2 2 2 2 1 1 1 1 
18 6 0
2 5 13 18 14 7 16 11 9 6 10 1 3 4 8 17 15 12 
15 11 12 5 12 3 
1 16 0
1 
1 1 1 1 1 1 1 1 1 1 1 1 1 1 1 1 
14 11 0
9 6 12 2 5 8 14 3 4 13 1 10 7 11 
8 7 4 4 7 3 8 8 6 11 11 
9 16 0
4 7 8 2 6 9 1 3 5 
5 5 5 9 4 4 9 8 1 4 7 7 2 1 7 9 
5 20 0
2 5 4 1 3 
5 3 1 4 4 4 5 2 2 5 2 1 1 1 2 4 5 3 5 4 
6 12 0
1 5 6 4 2 3 
4 2 2 1 5 5 5 3 4 3 3 1 
17 9 0
11 9 15 16 3 10 8 14 2 6 1 13 7 4 5 12 17 
8 17 14 2 17 11 10 8 15 
1 5 0
1 
1 1 1 1 1 
11 3 0
5 10 6 3 4 2 11 1 8 7 9 
1 9 2 
11 8 0
11 1 5 9 10 8 4 3 6 2 7 
10 5 8 10 4 7 10 9 
8 15 0
3 8 4 5 1 6 7 2 
4 4 1 2 4 1 4 2 7 1 6 5 6 1 2 
6 19 0
6 2 3 1 4 5 
4 6 4 5 5 4 1 2 6 6 6 2 4 5 2 5 6 1 4 
16 18 0
13 2 14 6 4 1 11 16 7 12 15 9 10 8 3 5 
15 5 2 15 1 16 4 16 16 11 10 11 13 3 14 9 16 6 
2 20 0
2 1 
1 1 1 2 1 1 1 1 2 1 1 1 1 1 2 1 2 1 1 2 
1 16 0
1 
1 1 1 1 1 1 1 1 1 1 1 1 1 1 1 1 
13 14 0
8 9 5 3 6 10 11 1 7 4 13 2 12 
2 12 5 13 1 5 12 4 9 5 9 5 12 10 
16 6 0
6 1 15 12 7 2 5 3 13 4 11 16 8 14 10 9 
6 12 13 1 13 15 
20 3 0
12 17 7 8 9 10 18 14 1 11 20 6 16 3 15 2 19 13 5 4 
14 18 18 
18 13 0
14 2 16 7 18 1 3 17 4 5 6 8 9 11 13 10 15 12 
5 6 13 16 6 18 14 12 16 5 14 12 16 
19 1 0
7 17 5 8 1 4 12 14 18 2 10 13 9 15 16 11 6 19 3 
12 
12 1 0
5 6 7 4 11 12 9 3 1 8 2 10 
1 
5 6 0
1 3 2 4 5 
5 1 5 2 2 2 
17 6 0
1 11 8 2 12 16 15 17 7 6 13 14 5 4 10 9 3 
3 5 6 12 15 17 
3 16 0
1 2 3 
1 2 1 2 2 2 1 3 2 2 2 1 3 1 3 1 
19 1 0
1 5 8 11 16 3 14 13 9 12 6 2 10 19 15 4 17 7 18 
2 
2 9 0
1 2 
2 2 1 1 2 2 2 2 1 
7 14 0
1 5 3 2 7 6 4 
7 7 7 4 5 1 2 4 2 5 6 5 1 3 
6 15 0
5 1 3 2 6 4 
5 1 3 4 6 4 6 1 4 3 4 6 2 2 1 
13 13 0
4 5 2 9 1 10 3 7 13 8 12 6 11 
7 2 5 6 6 11 7 9 4 7 10 1 13 
7 6 0
4 6 1 2 5 3 7 
2 2 1 4 2 2 
5 15 0
2 3 5 4 1 
4 2 3 5 4 5 3 3 3 5 4 2 5 1 3 
1 13 0
1 
1 1 1 1 1 1 1 1 1 1 1 1 1 
3 4 0
1 3 2 
2 2 1 2 
14 10 0
13 9 1 4 6 3 8 7 11 14 5 2 12 10 
9 1 4 6 4 13 13 6 10 3 
18 10 0
12 2 1 14 3 13 16 11 7 5 17 10 4 8 9 6 18 15 
9 3 13 17 15 15 9 16 9 4 
10 8 0
6 1 10 9 5 3 7 8 2 4 
4 10 2 6 3 3 9 6 
2 16 0
1 2 
1 1 2 2 2 1 2 1 1 1 1 2 2 2 1 1 
17 11 0
6 15 7 12 10 11 14 9 8 2 17 3 16 5 13 1 4 
8 2 16 3 8 9 8 16 2 12 17 
8 3 0
5 6 2 8 3 4 1 7 
4 3 7 
15 6 0
13 9 6 4 11 7 14 2 8 3 15 10 12 1 5 
15 10 14 13 2 6 
12 19 0
11 9 1 12 4 7 5 6 2 3 10 8 
4 4 9 5 10 10 4 6 5 6 10 4 1 7 2 11 1 1 12 
2 8 0
2 1 
1 1 1 2 2 2 1 1 
7 10 0
2 3 6 5 4 7 1 
4 4 7 7 4 5 2 3 1 7 
9 20 0
7 1 9 8 3 5 6 2 4 
5 4 7 4 9 2 4 2 8 8 8 5 1 9 5 8 7 3 4 7 
16 15 0
11 13 10 12 9 6 2 7 16 8 3 5 4 15 1 14 
5 6 8 4 10 9 2 8 7 9 4 14 1 15 1 
6 16 0
6 3 4 1 5 2 
1 5 4 2 4 3 3 2 6 4 6 5 6 2 2 4 
16 11 0
13 12 4 7 15 6 10 8 2 3 1 16 5 14 9 11 
3 7 1 4 2 4 10 6 13 4 14 
17 9 0
4 8 2 12 6 7 5 16 10 13 3 17 1 11 14 15 9 
10 10 14 9 13 11 7 7 4 
15 15 0
10 6 12 14 8 13 3 9 4 11 1 5 7 15 2 
8 11 12 5 1 11 11 3 2 8 14 14 3 5 12 


