100
102 530 12 500
91 19 78 8
727 575 206 570
307 742 178 151
709 833 697 626
207 319 173 195
200 697 80 540
866 122 285 100
732 835 303 551
488 78 332 58
967 921 800 493
900 493 233 50
247 1000 81 252
915 200 137 192
921 569 434 220
942 32 194 21
163 833 36 208
459 470 238 352
491 513 8 435
597 309 595 39
701 63 49 47
640 186 26 98
657 668 303 291
878 987 449 772
107 348 59 219
925 253 883 240
201 689 43 59
62 852 18 827
432 832 215 435
983 511 484 183
880 697 7 501
562 441 20 115
875 707 148 606
92 601 47 98
907 519 624 244
943 907 563 710
401 849 345 348
457 525 408 446
662 866 542 571
866 275 620 42
846 904 716 738
850 43 165 12
711 580 181 435
336 146 314 15
166 394 77 45
324 701 228 380
443 117 34 11
111 184 17 49
225 273 111 79
765 227 506 224
87 951 29 907
18 824 7 542
121 21 18 2
762 863 339 698
191 131 191 102
831 522 388 330
821 815 111 663
391 689 376 300
569 914 9 476
283 855 249 219
721 249 4 122
929 722 372 168
778 92 723 17
11 455 8 52
506 802 97 671
30 548 1 150
63 555 36 554
340 501 270 12
789 333 637 213
971 344 7 156
605 920 482 412
620 576 487 472
288 242 219 227
132 814 87 406
232 627 132 46
614 611 348 322
447 34 257 9
711 679 339 419
670 271 517 208
840 829 173 722
472 414 462 317
896 845 578 553
180 690 64 599
48 457 47 59
182 616 97 33
189 496 30 161
342 304 109 21
769 742 504 10
424 800 218 230
738 658 216 345
771 504 540 382
961 127 37 95
314 311 46 242
660 523 445 377
286 916 229 464
253 499 151 482
417 382 155 358
986 85 898 8
469 101 130 30
427 364 271 30
