Test Cases:
100
2
2 2 
89
56 70 6 2 42 8 8 44 70 70 7 9 2 56 76 57 24 13 83 22 15 7 14 36 82 6 59 57 87 19 73 65 69 36 20 30 32 69 47 50 22 16 77 52 9 70 63 1 23 9 35 48 50 34 75 30 86 21 88 82 4 22 49 65 82 64 41 78 50 31 48 30 19 53 85 65 12 85 18 87 25 1 41 52 47 49 32 76 11 
79
49 70 33 23 5 47 39 33 16 58 12 6 69 22 32 67 49 31 45 35 19 26 5 33 4 1 77 68 8 43 18 18 39 67 6 35 60 26 18 45 55 23 63 1 29 15 49 50 2 61 58 57 9 36 32 71 68 76 51 14 58 22 51 35 52 32 78 23 52 76 68 61 79 26 72 18 21 20 38 
32
32 31 14 9 20 13 6 3 2 14 30 4 1 13 9 5 19 22 22 13 23 25 1 15 32 15 15 21 5 32 26 28 
67
24 50 44 55 41 16 26 18 16 29 3 44 43 18 22 5 39 43 23 32 53 45 12 20 13 18 39 42 37 31 58 2 23 63 9 56 56 60 54 67 50 50 64 26 34 64 9 53 2 7 59 19 34 59 27 57 13 17 54 25 46 4 14 59 34 15 6 
75
19 33 59 35 7 50 54 38 11 70 72 44 5 33 36 5 35 62 66 59 24 23 66 9 71 65 61 72 71 56 37 55 2 68 51 74 1 5 3 40 36 45 66 38 43 58 7 27 49 19 22 37 49 11 41 33 52 73 40 26 72 8 50 44 42 36 18 32 25 37 75 17 33 38 10 
62
12 20 21 47 24 4 25 14 38 8 26 33 4 18 22 12 14 23 36 38 1 57 21 49 32 32 62 4 8 3 34 46 60 55 25 40 31 40 1 58 50 24 22 57 15 50 58 51 35 19 16 35 47 44 61 27 30 12 57 8 44 24 
39
3 15 29 21 22 12 23 34 9 35 3 11 38 14 15 22 25 25 9 13 39 25 12 15 27 10 11 27 19 16 3 18 12 26 11 6 36 20 7 
90
60 75 17 32 37 5 76 30 68 50 39 15 29 52 9 19 73 43 3 25 50 82 78 85 22 25 77 2 90 21 61 75 14 26 87 74 14 83 9 8 44 51 45 38 41 59 73 76 64 81 72 31 25 27 15 59 16 29 12 63 19 56 38 67 59 73 17 39 26 57 47 30 49 9 36 17 22 7 2 83 64 9 40 61 46 60 68 31 42 76 
93
77 68 68 32 71 16 17 12 33 70 51 73 4 36 10 46 30 21 64 93 28 1 20 68 59 38 75 86 7 28 86 6 6 62 34 27 71 5 32 81 34 52 19 18 43 90 64 47 91 5 39 30 54 58 11 55 66 65 58 76 32 25 88 83 41 85 22 1 58 51 83 40 81 87 58 38 74 64 34 70 2 16 60 35 61 63 79 69 7 55 86 56 4 
88
10 74 74 61 65 16 22 43 56 85 30 24 33 40 29 20 48 35 11 42 64 83 12 43 59 15 10 82 65 80 60 9 83 48 7 60 23 61 44 68 15 32 42 88 13 81 6 31 82 14 64 8 72 20 87 14 28 21 64 38 80 42 59 27 63 3 62 76 35 68 22 68 27 74 19 26 81 55 84 82 12 42 67 84 8 83 10 11 
32
21 29 25 26 13 2 9 16 26 15 5 19 13 3 1 22 27 16 23 27 16 31 29 21 7 20 20 10 23 19 2 27 
93
46 32 10 86 56 23 53 54 66 65 65 77 5 52 47 68 47 81 27 11 77 26 32 44 57 8 15 10 32 27 37 72 77 74 19 20 13 86 55 76 49 93 14 84 60 45 79 66 62 15 28 34 73 23 56 86 91 55 52 25 73 78 24 54 40 40 25 50 53 27 7 33 49 42 86 38 1 43 40 22 74 49 46 4 58 88 41 38 20 45 13 5 32 
26
4 26 8 11 22 18 1 23 2 26 13 23 21 18 19 25 23 16 7 9 3 12 13 14 3 24 
38
26 28 36 27 26 16 3 12 19 34 24 3 34 29 30 38 25 27 19 12 28 11 36 34 4 30 7 22 11 3 5 26 14 19 26 10 30 37 
85
63 37 18 74 84 69 68 35 59 16 53 7 26 41 11 16 14 77 9 73 31 16 80 73 42 15 33 3 71 51 77 4 15 53 67 46 19 61 25 6 45 75 28 52 69 60 5 53 67 19 68 59 40 78 27 68 13 31 60 85 77 47 30 66 29 11 13 24 37 47 33 14 78 84 65 67 6 11 1 3 23 8 78 33 9 
24
1 22 10 21 2 1 8 23 9 18 17 24 11 14 17 22 16 15 10 12 3 7 22 1 
61
61 44 48 26 37 52 36 47 59 54 59 12 22 9 38 21 41 41 33 47 52 59 59 29 56 36 47 9 34 37 47 28 30 19 37 14 22 37 61 3 51 43 36 31 10 59 46 6 33 32 49 9 13 20 60 57 20 19 9 45 59 
67
3 25 45 6 23 18 22 5 17 43 1 29 67 3 38 32 10 51 53 55 53 33 40 22 27 33 8 54 23 59 20 2 5 21 61 20 37 57 29 53 39 5 8 56 35 53 38 50 31 64 7 13 21 56 54 13 52 4 1 11 34 60 65 22 10 58 60 
7
7 7 1 4 1 3 4 
13
13 10 4 12 7 9 9 13 7 9 4 9 8 
12
12 3 4 4 12 6 3 10 11 7 4 1 
27
20 10 18 7 1 3 22 14 22 14 7 14 22 8 21 24 4 26 19 20 25 6 24 10 16 11 21 
14
1 5 12 2 10 8 5 4 4 13 11 11 1 7 
90
85 20 2 19 79 81 69 76 56 69 19 7 53 1 18 35 73 17 89 3 89 6 36 9 35 85 52 9 6 32 24 19 7 63 7 85 59 60 73 79 70 42 57 75 88 26 66 65 43 18 81 30 44 83 22 44 25 35 37 62 71 74 22 68 21 79 83 32 10 49 56 46 58 65 75 6 15 87 19 8 44 54 29 59 75 34 66 30 11 38 
37
35 23 35 6 17 32 10 30 17 12 12 13 5 18 12 36 34 12 4 9 9 16 35 22 2 23 19 33 22 12 11 10 26 9 29 2 17 
72
21 4 2 7 52 14 50 14 69 29 21 54 56 36 48 70 15 21 43 27 50 39 65 28 21 10 65 44 70 30 3 9 33 19 7 41 63 57 50 37 23 44 42 56 11 8 37 65 14 59 29 15 36 43 22 60 27 21 51 54 9 72 54 34 54 58 55 1 59 9 39 56 
20
4 16 3 13 3 15 14 2 4 9 18 12 12 12 1 3 5 7 8 20 
70
42 65 5 23 41 6 53 40 63 42 51 35 19 33 64 7 50 5 18 28 14 67 70 40 25 16 62 54 27 20 29 38 1 47 29 41 57 39 14 60 59 21 32 31 3 41 67 6 66 7 47 44 40 44 38 31 18 56 51 18 64 32 27 12 23 67 2 44 13 19 
93
75 33 12 87 38 79 19 32 83 46 11 39 87 47 44 13 74 20 14 45 10 24 17 13 10 73 60 21 83 16 17 51 13 50 82 71 36 87 30 85 70 87 2 51 75 29 46 40 15 39 16 93 76 70 33 67 43 14 74 19 52 59 69 20 50 3 11 50 10 54 15 36 91 39 64 87 52 46 27 83 10 28 49 76 57 88 21 48 27 12 40 13 64 
18
12 11 2 13 9 10 17 13 3 10 4 17 11 2 16 4 6 6 
80
63 69 78 70 75 33 29 36 43 46 80 75 5 58 30 70 80 32 73 51 72 26 63 47 20 23 70 79 70 62 25 64 19 66 78 17 20 22 27 79 60 35 72 65 59 23 53 38 67 80 31 28 41 74 64 50 29 53 21 64 29 26 4 5 23 79 45 17 14 9 48 5 15 50 47 71 69 44 69 74 
50
35 18 40 4 25 21 35 14 3 30 50 13 12 42 10 5 45 34 44 27 48 30 10 34 17 25 46 27 26 9 50 10 6 29 16 20 37 34 29 25 29 43 11 43 39 23 17 28 27 21 
18
6 16 4 15 15 11 1 8 2 14 2 14 6 5 13 10 17 9 
22
16 13 22 8 20 1 10 13 10 11 22 9 4 20 4 7 6 9 9 20 7 15 
97
41 27 87 87 14 31 84 1 91 60 15 2 40 66 5 9 92 72 80 91 86 32 23 9 64 18 57 7 59 14 28 56 21 24 2 97 18 63 17 41 42 26 44 7 92 15 78 64 33 47 39 25 22 44 4 85 5 43 30 75 15 90 4 34 28 42 47 61 72 48 37 13 5 84 88 87 23 52 88 17 86 80 23 30 38 24 80 46 37 26 89 94 77 63 94 84 83 
96
81 80 62 70 66 1 96 34 15 26 51 46 60 66 18 9 92 12 85 64 25 43 48 3 87 8 61 21 20 81 28 71 19 84 87 72 57 45 43 54 55 92 35 56 73 58 71 79 62 46 22 9 58 59 80 56 56 60 23 3 20 82 22 28 40 29 67 18 21 42 33 7 4 44 9 5 77 46 10 76 56 40 78 79 67 80 31 96 35 82 41 73 78 35 66 60 
46
11 20 27 37 1 32 1 29 39 42 8 40 22 5 30 26 5 12 32 1 13 45 44 33 46 24 19 2 4 2 33 32 35 42 20 26 44 13 15 2 5 36 31 12 35 32 
60
28 58 36 14 59 47 10 6 35 44 19 8 12 8 50 34 30 32 43 47 25 40 19 5 47 13 34 45 19 44 32 45 13 26 26 7 7 53 7 24 32 42 11 47 15 19 30 14 15 3 31 10 32 59 43 51 36 40 13 6 
71
20 53 34 41 51 43 14 23 16 35 49 31 33 45 53 65 30 39 58 71 28 24 68 11 43 58 21 29 38 38 13 56 68 19 71 33 62 17 44 11 30 40 71 49 8 5 5 60 35 19 25 20 13 41 31 31 52 21 54 20 65 39 23 33 49 39 11 13 13 54 65 
19
12 7 16 4 7 6 16 17 18 3 7 4 9 11 2 8 9 16 13 
45
45 11 42 39 7 13 27 6 38 35 3 8 3 40 22 25 24 13 42 10 6 45 29 44 8 23 6 35 40 21 27 32 29 22 18 8 34 4 18 1 36 17 28 6 3 
38
2 1 28 30 9 30 10 5 29 8 30 21 24 2 7 22 10 2 11 32 35 1 11 36 18 8 26 10 25 25 5 10 29 30 30 9 2 16 
8
1 8 5 2 4 3 2 6 
71
9 55 59 58 10 7 7 38 61 6 53 18 16 50 67 9 62 22 10 38 67 62 34 43 35 43 54 29 64 23 66 57 31 54 53 34 35 67 52 36 14 15 2 13 13 25 17 37 56 50 27 15 37 57 43 4 6 39 8 23 58 53 18 64 21 5 65 12 44 27 18 
61
36 26 41 43 59 35 23 26 52 48 55 41 58 47 53 41 11 22 17 34 53 3 59 38 51 39 33 41 49 26 15 57 32 61 41 15 25 14 16 42 27 10 48 6 1 23 10 4 17 2 55 15 19 16 39 33 49 7 19 24 50 
76
33 52 47 53 35 74 12 40 1 71 73 16 53 32 69 61 57 72 6 47 16 23 35 14 75 12 57 42 6 37 24 25 23 74 66 69 54 17 37 13 13 60 60 42 34 43 48 22 55 4 4 37 66 44 11 70 21 71 7 72 39 51 42 66 28 5 48 16 37 33 52 47 24 32 64 70 
67
62 43 5 41 25 43 4 65 51 3 11 67 60 26 6 17 33 55 21 25 23 46 18 64 25 21 52 18 58 43 2 40 23 2 52 48 48 60 65 11 10 49 30 37 37 34 10 47 1 53 41 33 7 28 58 60 28 49 58 25 4 2 31 16 33 30 24 
100
71 16 82 88 91 3 29 58 49 16 94 47 60 97 74 48 91 68 60 35 89 43 18 23 31 7 2 41 22 51 29 56 32 30 84 52 20 62 61 83 30 15 24 99 35 87 39 68 72 63 22 40 59 90 27 4 21 48 5 43 95 30 12 72 70 80 9 25 60 91 22 93 49 12 11 17 79 16 38 14 74 30 76 42 83 6 10 94 25 19 15 63 64 100 86 40 33 10 50 18 
60
37 39 9 33 47 21 14 23 5 56 1 57 25 22 57 21 55 17 18 1 28 58 2 53 40 58 47 22 11 59 36 7 15 30 14 43 32 40 9 43 36 33 55 22 51 44 60 30 10 16 51 56 35 39 20 31 12 49 42 60 
62
57 39 32 3 11 47 1 57 36 5 16 26 39 28 1 28 24 20 1 9 35 53 38 15 54 20 19 33 41 38 34 61 22 14 37 16 19 29 46 15 19 54 23 28 47 54 15 61 47 22 54 37 10 28 54 40 22 13 19 13 48 16 
62
40 54 25 49 22 38 31 56 6 22 19 5 58 50 42 13 7 50 51 44 57 25 35 9 25 31 24 21 40 16 3 17 58 40 18 31 15 36 5 56 27 30 46 32 3 24 14 9 20 61 57 2 41 8 17 34 21 35 4 24 58 54 
85
33 52 48 74 16 6 4 21 43 51 51 26 54 17 33 32 1 21 52 11 82 24 6 57 46 1 7 25 84 62 65 57 40 10 77 1 48 20 48 20 45 8 60 58 42 13 63 51 36 47 8 64 66 50 37 21 28 51 29 44 34 19 75 35 72 81 3 74 41 60 38 24 79 27 57 78 35 75 63 33 58 66 48 12 75 
68
50 38 31 47 60 19 7 32 63 17 56 25 15 60 19 7 50 25 58 47 65 40 46 24 53 55 33 53 31 10 3 42 16 24 56 35 12 21 23 64 21 44 61 59 38 7 17 20 56 68 30 3 1 67 1 67 63 5 45 21 47 59 9 10 27 35 9 33 
18
10 11 16 9 3 17 4 11 5 12 3 4 1 18 15 4 10 17 
2
2 1 
92
52 79 48 85 10 39 8 57 21 36 57 24 50 25 9 46 52 68 23 26 27 54 52 33 61 33 15 61 69 72 32 14 80 15 57 23 12 4 6 1 75 29 3 85 80 59 3 59 47 14 4 11 15 30 4 19 3 54 33 1 53 46 17 26 27 34 83 71 59 49 14 72 62 8 75 30 44 68 33 41 30 81 1 37 51 7 50 12 39 48 34 21 
89
35 23 30 59 28 88 41 47 65 52 40 83 18 19 54 89 58 16 40 41 3 43 79 46 12 74 33 6 84 82 52 7 32 24 73 65 18 13 8 79 60 47 23 63 37 31 17 31 84 74 21 58 54 39 43 82 37 72 9 78 68 13 60 47 47 86 38 17 63 14 57 1 44 21 34 55 1 83 69 27 58 17 65 36 11 59 62 21 80 
49
27 16 39 1 32 22 37 32 44 25 48 49 33 42 7 17 49 13 39 20 42 32 26 42 25 14 1 20 11 33 14 3 18 31 34 37 19 22 48 26 21 2 43 9 35 9 4 15 7 
46
20 42 10 42 41 44 6 24 24 14 31 12 14 25 14 31 24 30 15 32 11 24 18 17 31 1 31 12 28 32 30 19 18 8 45 15 17 25 10 7 27 4 30 35 26 26 
64
26 22 28 11 43 51 18 1 3 62 61 32 6 23 9 52 28 25 54 16 33 61 43 11 30 60 14 9 57 52 17 60 40 13 14 42 43 28 23 48 59 8 7 7 61 43 29 6 60 59 11 40 22 41 9 16 54 9 47 10 2 52 3 20 
14
2 6 1 3 12 4 14 7 11 6 6 10 4 9 
79
11 10 65 40 76 77 19 10 33 28 56 11 66 4 67 13 16 14 37 58 21 61 76 65 16 24 71 71 55 67 77 32 54 75 8 42 32 26 52 69 55 19 58 49 44 27 72 16 60 27 68 37 44 58 20 71 33 35 24 78 74 57 46 3 60 71 26 47 47 67 60 41 53 41 51 5 63 14 27 
17
3 8 7 7 4 16 11 13 11 11 15 3 16 17 7 12 11 
6
4 5 5 1 3 1 
28
3 16 14 4 26 15 1 23 17 18 28 28 4 2 13 13 19 4 16 27 3 3 22 25 8 26 16 17 
10
9 6 6 1 1 4 5 5 1 9 
55
33 2 24 34 34 31 38 34 22 25 1 18 15 16 10 48 16 29 21 26 25 34 23 54 21 49 16 3 25 45 18 31 8 24 52 47 30 27 15 43 45 23 27 28 39 42 26 35 27 37 10 8 16 32 25 
55
18 53 55 42 33 44 14 32 37 48 13 33 54 23 22 2 37 54 15 30 40 19 42 38 15 5 41 16 55 54 18 5 22 45 27 22 30 24 40 13 25 32 41 29 22 53 19 50 53 35 26 38 1 32 15 
58
27 4 31 25 17 48 57 55 33 33 55 45 1 11 7 20 28 9 38 9 6 35 52 10 13 15 54 55 14 29 20 8 56 55 46 51 46 31 24 39 2 2 21 6 11 13 20 7 51 4 42 11 36 42 41 11 19 20 
93
72 35 30 29 41 37 37 85 3 64 80 71 54 38 75 35 51 49 7 33 72 52 14 46 49 92 46 8 82 68 18 90 66 83 59 79 67 53 64 63 12 92 18 56 64 71 40 37 16 63 73 78 29 19 39 50 1 55 72 6 89 35 43 87 78 73 54 46 16 26 3 8 5 5 51 17 8 52 86 29 78 79 24 14 14 75 48 36 45 4 88 31 35 
69
26 40 48 61 51 20 4 39 46 52 42 4 63 13 31 42 45 10 66 69 49 55 51 28 52 9 15 3 39 43 38 38 61 36 28 52 39 27 17 44 6 47 16 55 45 45 42 38 63 31 52 30 45 15 35 65 47 46 32 63 49 31 17 39 48 30 27 55 34 
39
20 25 8 12 20 13 22 19 7 3 2 8 39 26 4 10 16 26 19 8 18 12 2 2 34 21 35 13 14 2 20 18 3 7 26 26 12 26 34 
69
40 25 31 13 49 31 54 4 48 10 42 49 16 36 55 19 40 9 25 7 39 48 60 16 28 64 17 58 68 57 31 68 10 3 6 9 67 49 18 47 46 1 59 58 17 2 51 44 56 34 8 21 5 69 40 19 59 8 18 53 7 47 21 22 56 13 69 39 38 
80
21 65 17 52 53 9 24 25 60 51 43 8 47 64 74 38 37 1 54 31 7 38 5 45 6 12 43 76 49 39 37 27 55 12 39 5 57 50 41 33 52 41 13 70 78 76 36 51 14 51 34 30 1 61 15 76 75 28 63 1 59 33 52 24 18 25 3 36 20 24 21 40 15 5 78 4 45 70 67 49 
78
36 43 38 21 51 27 71 55 11 60 16 77 1 1 31 50 46 37 61 64 9 16 74 9 74 48 48 14 50 43 60 63 49 55 34 14 36 49 67 55 46 74 54 17 19 16 65 68 24 67 68 8 32 35 8 61 18 44 75 50 16 10 77 69 14 25 61 67 10 65 12 47 6 11 15 29 12 65 
99
23 59 4 91 61 94 73 31 44 93 88 5 4 80 39 95 74 28 37 30 33 11 80 92 58 29 39 27 97 70 82 60 5 9 36 26 24 31 43 44 83 43 70 3 84 78 21 24 48 76 58 48 91 3 46 23 13 23 4 24 43 89 46 5 55 43 53 99 88 98 15 63 57 15 86 88 42 24 28 87 89 93 42 57 41 47 88 30 28 57 87 36 22 77 7 53 8 31 15 
42
30 7 2 23 24 34 7 12 40 12 22 42 30 39 28 8 16 26 14 7 36 39 2 16 38 11 15 4 18 23 11 27 15 9 19 35 39 27 31 22 24 38 
90
87 30 80 74 64 73 19 20 20 16 17 29 56 40 54 15 89 78 63 1 45 36 31 28 73 45 67 57 76 54 52 50 2 7 33 70 35 81 4 40 53 29 19 79 35 30 20 70 11 45 50 22 84 68 22 71 33 36 49 51 5 52 15 53 9 48 61 59 41 65 56 38 86 17 86 54 66 55 55 24 83 13 21 70 26 27 40 72 28 32 
75
46 65 44 42 8 9 64 66 58 49 41 64 29 26 23 57 8 6 48 44 43 2 52 44 26 67 27 71 35 49 41 15 56 72 69 6 70 68 67 14 25 70 24 68 9 38 56 33 60 55 3 18 65 25 50 48 22 24 6 75 14 45 4 11 58 58 1 56 10 52 27 14 37 59 35 
53
44 46 18 39 46 33 6 16 13 24 17 39 4 22 23 13 25 36 35 3 26 42 40 15 6 28 39 3 42 24 9 1 50 7 43 9 33 33 49 5 26 9 23 20 50 23 17 27 34 9 8 24 3 
28
28 23 3 1 20 5 5 5 9 6 22 8 23 21 22 13 10 24 6 25 14 26 19 9 8 24 10 26 
22
15 3 4 3 21 3 15 12 21 8 17 1 20 18 19 19 10 20 1 13 17 6 
67
2 55 50 65 26 4 29 14 24 28 22 24 36 57 50 8 47 41 30 4 39 21 27 66 60 8 40 42 38 29 48 41 47 24 60 57 60 27 44 6 23 45 22 9 36 11 10 26 42 28 32 47 13 46 45 10 58 52 40 52 15 7 7 16 44 17 6 
52
36 13 18 14 22 19 29 10 21 3 32 31 30 4 1 25 8 10 2 39 7 5 49 52 52 21 10 28 27 40 26 49 40 20 16 26 25 24 20 40 10 9 27 48 10 5 10 48 6 42 16 30 
13
8 1 3 13 13 4 4 4 2 12 2 12 2 
18
16 2 4 14 16 14 1 15 10 4 12 15 4 14 15 8 3 7 
88
8 10 10 59 60 6 65 43 27 74 7 64 25 24 50 5 61 4 15 87 61 73 56 78 70 49 29 80 7 4 70 56 22 27 8 40 43 12 30 82 12 73 26 21 32 60 44 13 8 30 26 44 27 9 73 9 49 26 11 38 50 59 73 86 40 15 34 6 10 64 45 44 67 38 36 37 26 88 58 35 3 72 46 23 6 34 72 43 
11
8 9 10 11 9 5 9 11 5 8 6 
100
12 82 17 24 60 44 91 28 63 35 2 58 45 54 5 54 91 84 41 70 1 34 50 3 58 53 78 36 16 89 23 1 52 80 85 8 89 72 76 28 36 80 51 21 26 99 68 88 85 82 62 71 12 95 93 88 66 19 53 22 28 1 61 8 30 19 73 69 23 45 50 60 16 52 33 100 51 5 78 54 72 49 30 30 36 75 52 88 80 76 52 13 68 54 85 28 73 4 24 60 
24
13 4 10 11 4 8 16 20 19 11 14 20 18 14 8 2 5 15 15 17 24 9 15 16 
81
70 19 5 59 34 36 55 25 60 48 49 10 1 75 67 48 77 68 8 48 55 6 38 16 34 68 36 2 76 37 52 24 52 47 71 69 20 65 47 76 74 61 4 12 73 16 25 61 65 40 33 81 40 39 72 17 62 68 19 55 48 80 66 43 48 9 8 34 62 41 73 25 27 48 56 80 61 53 55 52 45 
36
20 26 25 29 19 8 18 3 34 16 23 6 10 31 29 11 34 9 29 15 18 24 35 27 27 23 13 17 33 29 7 11 20 2 34 26 
77
45 53 19 77 42 38 19 7 11 22 8 38 34 16 77 40 32 21 10 58 76 59 29 49 44 57 33 12 61 8 9 33 19 34 37 17 6 77 27 20 52 26 53 24 34 17 50 70 16 75 11 27 10 72 74 71 74 72 55 58 1 15 62 68 31 14 46 23 6 59 18 3 69 66 33 38 26 
3
3 3 3 
55
6 16 50 31 32 44 14 4 47 2 9 8 15 47 32 10 26 37 49 25 53 34 32 19 55 8 43 23 12 43 5 55 6 42 37 30 34 8 39 51 21 40 1 40 44 16 17 7 40 12 35 55 5 50 55 
44
44 23 17 8 8 22 38 8 27 35 26 39 24 19 31 14 22 15 17 12 2 38 7 5 44 8 18 43 22 17 41 42 27 10 14 20 32 32 44 1 20 26 14 35 
52
18 2 41 12 15 50 9 40 30 39 51 18 5 30 40 29 35 12 24 26 33 24 4 35 44 36 50 4 32 17 16 43 49 35 47 27 24 12 29 16 20 45 46 11 1 46 48 24 36 19 52 11 
30
26 12 29 8 15 6 9 29 3 13 15 27 17 9 1 2 29 12 11 5 9 29 1 14 27 18 29 22 16 12 
62
14 26 26 43 31 9 34 62 62 35 53 55 19 41 49 1 2 41 55 21 17 6 24 56 42 26 38 54 35 14 6 40 40 23 34 35 51 19 34 13 59 31 15 41 40 47 44 15 35 9 17 9 38 9 48 55 1 57 33 47 24 33 




