Test Cases:
100
32728 9582 30103
21901 19150 22609
8677 252 14765
12651 14768 5013
10808 17414 15719
7445 31241 4327
7694 12420 32210
12417 3738 13
32233 28009 1183
27405 23556 25354
11304 12906 17985
29850 21222 18214
7017 12365 3726
26420 25717 29384
8828 31882 1873
24280 26780 29303
5857 32100 16778
30007 25666 6560
20472 20421 13650
11652 849 23536
17522 29309 13723
14513 28042 27234
24738 15036 11342
29865 11859 19285
20416 17371 26726
10597 1782 18245
2880 16589 11038
23793 23 3066
27327 24532 16983
13241 14914 26185
29764 24909 11696
17598 9953 30400
8125 10413 22801
8566 18950 24527
29181 31496 12951
8076 15029 11343
4784 24757 6938
18110 6857 9077
7675 18421 14291
12165 126 31636
15809 9376 20674
12109 6983 28471
24514 27966 31457
30053 2685 12413
29976 4133 7764
18420 14337 9411
23731 23407 18438
29328 25075 18163
15848 26842 29567
16466 9733 6427
31030 31484 25815
6513 9745 15896
17598 27470 5126
8403 4351 14961
22316 24824 25100
2069 19487 1986
32518 5736 9638
20718 30848 10302
32147 2067 24710
26887 27883 20534
17373 4350 28487
2457 18573 6564
5498 18901 5533
5741 19316 6696
26654 1465 13671
28688 31083 11781
26664 5145 6830
23395 215 27379
10662 4391 24514
21703 17064 996
2695 5835 21476
28567 31097 789
30186 7713 21573
21165 11629 12795
25046 26085 31302
2341 12149 24301
22459 19551 13109
19106 4610 32412
28046 19367 5377
8372 20040 31671
6232 15705 24730
30521 19617 29004
660 18197 28150
17360 11194 7367
24500 25440 1778
5298 13695 6813
25504 29366 19847
4490 16911 3332
24585 12027 32531
22833 10264 11851
25324 20362 2461
15694 5998 6312
22685 13958 18783
14660 9658 19354
31009 12364 13309
13315 16016 15157
31698 13321 1070
13460 24404 4078
32126 16616 29643
16233 23725 15802


