100
2 9 1
3 12 19
6 7 8
5 10 3
9 7 16
5 11 8
8 4 15
4 18 15
2 19 15
5 0 9
3 17 3
4 17 0
7 18 17
5 0 7
10 5 3
9 16 8
6 8 18
6 13 18
2 14 0
6 7 4
10 13 10
5 10 2
10 13 18
3 12 11
10 15 5
6 5 1
2 0 4
10 2 11
4 10 5
4 7 16
10 7 18
7 11 14
8 4 8
9 4 19
10 6 13
3 3 3
7 14 5
2 8 18
6 14 8
1 6 2
7 12 13
9 18 18
6 2 9
1 4 0
10 5 7
1 19 0
3 17 18
8 13 10
9 13 12
6 5 16
10 2 9
6 11 7
3 19 18
9 16 1
8 6 4
5 8 8
3 17 0
8 5 15
9 16 5
10 12 9
5 19 2
4 2 13
9 2 14
6 8 1
10 3 2
6 18 16
8 4 16
10 15 7
7 5 19
5 5 0
5 17 2
9 5 18
4 15 8
9 10 15
2 0 11
7 5 17
10 14 0
8 12 15
9 4 4
10 16 12
10 4 4
7 10 15
2 11 7
3 11 1
6 9 16
8 14 0
1 13 12
3 3 7
6 3 15
5 8 8
10 5 6
8 3 11
3 17 13
5 15 12
7 19 8
3 10 5
4 15 15
5 0 19
2 7 1
10 8 2
