100
847908343192436893 858447838863230758 10 35
654471002009776448 972308212104940053 16 51782
871712066751957613 997556227520242931 9 229
471495034913872016 948997329724662469 6 30
483565210796459948 629952496430752731 0 0
531285996180720569 585142155625137190 17 72972
349712164977841132 949822111411192200 3 3
180352175793064927 896740512049055336 10 761
511321193154028253 988165665685109572 18 62866
58592591839023192 181911130044671399 21 1995121
895481315154546217 982034485470594791 1 0
187315760585235903 935278055396226833 3 7
788811634204727931 885341040244162668 8 168
521900926350759262 671550541403764657 26 33587558
148860669291583682 710464181878715369 17 29842
579531924810417233 690197164874217491 23 6276425
616683792771114878 843166792965868818 5 16
942147856619663011 982070164869432432 20 825003
548393847938520122 886511771846034912 27 34514573
116165423843463817 449821982756388264 30 26179376
216234522150110018 323181490722420949 26 27495091
192258642570901794 671909555555565706 8 206
504718518664587210 749237530848986593 29 290167248
134951484669981821 636556128653767518 20 131650
453911763750620432 981717414989869851 7 79
410455326970012648 601201964750185626 3 2
940782924147505500 990298545865463122 8 192
760126993834233237 995047947897844967 25 10036141
28526539245118273 910414253895557536 18 228294
699366745550704688 714809795551299702 12 3195
640289649000463804 707620623846443812 20 832020
13336053298652769 706992720898807709 20 863272
574948338619682812 816854044969797424 19 486937
295481034390245747 663953908965926921 19 423242
441326228707052936 861691568569600692 6 46
511887899904777216 708740684960222570 19 382782
481032740614209778 582346008375191621 2 1
983330302034001020 993068870370614637 4 5
369323926497302607 415379107398839438 17 101088
61630021182913656 283980237366678732 6 48
972583132846722177 975651196520146688 15 28128
667910702402214165 793999891150199956 2 3
553191333728787229 888039300053107653 11 1492
642498210494270660 692360576422513430 1 0
811196223621389677 906498174375095752 29 255052652
625013337689604693 930745588819325630 5 0
153030182744066240 432924498553765797 12 3931
471259018917040479 958615564956533930 24 4714427
139990130097423445 291930267411022605 27 127183399
37023098695199537 291742658125277476 27 17819338
337903331949317137 842302566353794619 12 642
704586311163480075 970643217813541744 21 18620
148028854656615076 874482435141931924 15 7302
647927470403781689 734018050247827142 15 22321
825460225865363007 831416204200838367 6 3
766994163052086641 883827756308782968 19 482108
693994569526702984 712059000691460643 29 131530208
460306969233800654 574092319027991533 24 13786035
825604355494125903 840861216002524943 0 0
482250764054896443 910164192361162724 27 63659029
428858080185115592 577309660563417414 4 9
423610540874007504 616194771394892280 21 1556890
804778175114440785 991413920115450341 0 0
497514393371016672 702060913561988418 0 0
33636297576194816 564731025247638815 10 38
236955346419021688 659032260324602875 7 64
384653024390984257 937549751690387259 27 96692889
436874506507248747 875211261270916373 15 5937
970336476464555659 991035257444641280 22 3902955
130009632480634978 802253513945616353 23 1420212
91912694233638056 426207040449389500 25 30348857
470248888209889025 545920197168173695 28 35387040
872711259238718453 873487717078888951 25 9214660
790485818302489015 881326196061488536 6 26
343158064988496896 787957741606757644 16 584
714169255567856253 760108463720893171 12 54
414717259508133432 433282759208322947 6 26
989298893922811568 992043980031984231 6 9
184414383882185619 370178613543433400 28 78405984
685175626065988232 892685952685756958 17 75998
715889658830111977 883049471859457067 20 929056
419354721132470216 426198671977407825 5 22
808344215817558811 976632071365141144 22 2941570
247453535713676771 724325746789983342 15 13457
675619302937261492 937745204096005917 29 40519622
348382781453955302 836622458610365886 14 691
916221834409220598 929305114076013765 18 215422
959677648897366655 983280729461427812 22 723220
194873839351099116 206700637422048208 14 10982
489198864526689057 613367445789890728 19 303180
346701711548288156 708045502337224400 20 518424
955210960185503441 968604159868554305 2 0
343146123025387428 380775065341550737 28 253060096
106673879370364176 706953759046490697 4 3
112526138529850530 113637903456977827 18 250685
98336383342226132 286824283644269919 15 12782
988530497939191565 993621866768245332 4 5
168608011704829495 762396432466947288 24 13043913
321453798755319709 903863596386756249 21 841201
399651256394511365 441607272285583409 8 145
