Test Cases:
100
84
84 55 64 14 61 26 34 32 65 77 69 16 41 15 57 78 25 22 43 59 58 51 27 45 70 7 49 19 36 12 21 23 13 81 5 72 4 63 62 24 30 44 17 38 33 47 2 54 52 79 53 1 6 29 42 46 56 75 82 39 76 20 66 60 3 67 11 8 40 73 10 71 18 31 74 9 80 48 37 83 28 50 35 68 
7
2 4 6 5 7 3 1 
91
17 31 4 15 87 54 22 16 89 43 84 70 85 11 91 58 44 79 10 81 36 57 37 38 48 68 24 51 32 82 74 75 55 39 66 3 45 47 27 71 30 56 53 34 25 77 5 33 26 78 73 65 40 6 14 1 29 69 9 13 60 12 8 21 63 7 23 72 67 83 62 41 46 18 52 35 64 2 59 19 86 49 42 50 80 20 76 61 28 88 90 
6
1 5 3 2 6 4 
31
12 3 29 11 31 25 4 5 30 23 13 1 22 10 14 6 7 19 24 27 15 2 16 8 18 28 21 26 20 9 17 
75
74 39 32 18 47 40 29 28 70 42 15 75 22 69 49 67 26 53 19 20 72 37 35 68 31 55 7 45 41 17 25 33 23 54 59 65 46 11 62 58 16 24 34 10 13 73 51 36 56 9 4 8 27 50 52 66 64 30 3 71 44 63 5 38 6 2 1 57 14 12 60 61 48 43 21 
62
25 9 42 37 39 22 35 60 21 31 19 15 46 1 33 34 16 55 43 45 48 52 50 28 17 2 41 11 56 61 57 8 40 5 51 58 4 6 59 38 27 29 53 36 3 13 20 44 7 18 54 14 47 49 32 26 62 12 30 24 23 10 
94
59 40 63 52 71 39 47 18 77 83 55 12 17 45 88 4 67 15 61 41 73 72 22 69 93 94 89 43 84 10 5 51 79 1 49 33 16 85 46 82 36 28 64 91 60 74 50 24 2 19 13 90 21 57 27 20 29 65 7 3 70 32 8 62 53 9 14 76 34 44 48 38 35 56 87 81 25 26 6 78 42 11 86 58 92 75 68 66 54 37 80 30 23 31 
19
18 19 10 7 14 12 11 5 6 13 9 1 3 16 8 4 2 15 17 
12
11 2 4 5 12 10 1 6 9 7 8 3 
97
32 25 90 83 23 97 93 73 28 19 1 48 26 95 43 21 60 22 39 69 68 64 4 80 10 86 49 53 7 15 91 36 56 61 24 59 16 67 47 84 41 11 96 78 89 71 70 37 18 31 50 9 45 29 54 34 40 42 5 46 92 27 44 55 3 12 20 75 38 33 57 17 94 76 62 79 72 82 81 63 77 74 30 2 14 35 87 52 66 85 51 8 65 13 6 88 58 
72
43 56 54 31 12 15 8 57 25 36 24 14 9 11 5 10 17 13 51 55 22 65 42 34 62 69 52 1 47 33 61 39 29 60 46 2 26 20 40 16 21 30 68 63 37 27 53 59 23 35 3 7 18 71 72 67 70 44 38 49 48 41 32 6 58 28 64 19 50 66 45 4 
73
33 65 51 55 5 64 43 60 25 73 42 12 29 36 66 17 11 58 46 72 18 9 44 53 40 7 39 6 16 62 67 8 3 24 70 37 27 13 2 20 38 23 63 14 1 41 32 50 69 26 19 31 68 4 71 45 48 35 54 10 21 56 49 30 28 59 34 52 47 57 22 61 15 
3
3 2 1 
19
14 1 6 15 12 10 3 16 19 2 17 13 18 4 7 9 8 5 11 
68
37 3 38 51 55 45 24 53 9 4 20 27 33 48 11 10 36 52 50 58 7 42 23 8 1 14 43 60 34 44 66 29 57 18 56 64 62 19 47 35 63 61 32 67 13 39 25 41 2 68 65 26 12 40 54 17 6 28 16 31 15 21 22 49 59 5 46 30 
81
77 78 46 52 35 75 10 33 24 7 40 36 11 59 60 74 39 29 12 80 73 67 45 21 79 1 16 23 71 42 30 13 28 72 61 68 22 26 76 31 38 19 49 43 34 6 54 63 53 32 65 44 47 17 27 9 62 57 48 20 4 18 56 2 37 70 3 14 66 64 69 25 81 50 51 5 41 8 55 15 58 
100
66 25 44 56 96 79 95 33 22 30 63 24 64 74 26 71 37 13 85 2 81 97 80 61 84 15 58 46 91 67 54 53 99 52 3 31 75 82 4 100 73 9 72 49 69 10 94 48 86 19 6 39 45 12 59 43 28 76 32 62 77 18 83 89 68 38 42 57 16 36 11 20 34 65 5 47 87 50 98 17 7 8 88 60 21 90 41 51 55 27 78 70 93 23 92 29 1 35 40 14 
4
3 1 2 4 
98
37 94 15 90 97 34 38 45 59 11 73 84 20 53 47 32 72 76 17 14 18 26 77 2 93 1 3 81 82 22 85 43 44 19 89 91 55 25 75 70 78 64 36 74 69 83 12 61 65 88 52 60 87 80 50 56 33 13 10 49 95 31 98 79 4 66 29 9 21 42 86 35 63 58 46 16 8 30 5 92 40 7 39 62 23 71 24 28 6 67 48 68 41 27 57 54 51 96 
59
59 33 20 30 44 54 22 5 25 26 19 28 9 35 32 39 41 21 31 57 34 14 6 10 29 55 11 1 48 40 15 2 42 7 8 18 56 50 46 23 53 43 37 4 47 16 13 27 58 38 3 17 52 49 36 45 51 24 12 
46
37 24 11 23 1 27 17 8 2 36 13 26 3 4 25 15 43 30 10 16 40 42 34 33 9 32 12 45 31 14 21 41 7 6 44 46 19 20 18 35 29 22 28 38 5 39 
87
43 26 41 67 10 69 1 20 15 65 37 25 77 74 28 38 14 68 59 84 72 66 21 80 48 85 29 53 6 7 33 13 83 79 19 76 40 11 81 50 8 5 42 18 46 82 31 45 78 44 47 87 2 4 34 3 71 62 17 22 27 51 12 30 86 73 70 64 57 32 49 36 60 75 61 54 52 9 24 55 16 58 56 35 23 39 63 
60
9 39 60 23 51 24 52 20 31 1 37 57 29 32 53 47 36 27 10 56 42 59 49 12 25 41 6 8 58 3 38 18 4 44 11 26 7 21 45 46 43 35 19 16 17 55 5 30 13 40 28 14 48 54 34 50 22 15 2 33 
83
81 66 44 6 19 47 41 32 16 74 36 26 76 13 54 10 57 63 79 21 73 28 35 51 69 38 78 40 50 48 27 29 18 17 61 39 72 25 82 83 12 14 33 77 68 37 30 53 8 60 4 3 49 45 64 67 59 58 31 1 5 20 52 22 80 7 34 55 11 65 24 71 46 9 56 23 2 43 42 75 62 15 70 
42
32 27 29 23 24 25 3 22 5 41 37 31 15 19 12 4 6 18 33 21 40 39 2 10 16 1 42 36 26 28 34 35 17 8 14 11 30 9 7 13 38 20 
75
24 50 14 65 26 27 59 40 41 37 19 11 66 45 61 68 48 72 64 3 18 55 9 47 21 1 17 74 32 35 38 2 23 49 13 7 44 5 33 28 54 16 71 4 25 39 31 63 67 70 69 8 46 34 6 12 51 29 58 73 57 75 22 30 15 42 36 56 20 60 62 10 52 43 53 
82
72 23 78 2 76 31 19 41 82 79 81 26 16 14 59 48 1 40 66 36 70 4 20 73 5 32 44 25 60 35 34 47 71 55 17 15 58 46 3 8 6 43 80 67 69 29 62 30 39 11 27 33 53 10 28 75 21 24 13 64 74 38 52 12 56 65 63 49 42 57 61 18 37 54 45 51 22 7 9 68 77 50 
50
44 25 37 50 8 38 29 18 19 48 32 47 43 33 5 40 10 31 20 15 41 39 7 42 27 36 28 22 26 11 35 12 6 4 1 2 24 21 13 45 16 46 3 34 23 9 14 49 30 17 
37
10 25 33 35 12 14 31 3 32 28 6 30 29 21 24 4 37 22 17 16 9 15 7 1 27 26 11 2 18 5 23 19 8 20 36 13 34 
60
44 13 8 24 43 31 11 19 32 54 27 56 9 45 20 26 42 7 4 48 2 1 38 51 16 37 3 29 6 12 23 35 30 47 59 40 41 14 57 5 46 28 22 39 60 36 34 15 21 58 49 52 18 25 33 10 50 55 17 53 
9
2 7 4 9 3 5 8 6 1 
1
1 
63
36 51 37 30 28 50 4 16 41 49 46 11 34 52 42 5 19 1 15 25 63 53 18 23 17 12 47 61 3 44 38 48 6 13 7 10 32 39 26 43 45 24 57 8 22 40 20 56 14 58 33 21 29 9 27 60 55 59 2 54 62 35 31 
46
25 17 45 3 43 24 42 38 6 32 4 18 21 2 16 30 29 28 41 20 1 7 13 14 36 9 34 27 26 39 10 37 35 22 44 33 5 8 15 12 46 31 23 11 40 19 
93
31 82 63 66 7 23 72 67 81 74 46 89 11 51 2 42 9 92 56 91 48 62 1 28 73 53 87 86 79 60 20 71 61 43 40 70 85 24 36 52 59 29 45 69 64 39 30 27 41 10 26 16 34 88 78 76 3 8 93 19 57 35 13 44 14 21 75 77 15 65 12 84 80 90 83 32 55 37 25 6 50 68 54 47 18 4 38 5 22 33 58 17 49 
49
1 14 29 15 38 17 25 4 19 20 16 24 2 10 22 37 12 39 48 6 45 8 7 3 28 18 40 41 27 47 30 44 9 33 32 23 13 11 42 34 26 5 43 36 35 21 31 46 49 
76
50 11 44 7 48 52 43 56 16 21 73 68 6 69 62 3 54 26 9 4 8 33 32 25 70 27 58 28 14 57 67 75 15 12 72 63 39 60 19 74 42 13 2 55 18 23 38 5 76 36 30 71 45 65 66 35 49 24 37 31 22 40 1 34 47 53 41 29 17 51 20 59 64 46 10 61 
84
33 45 9 12 66 23 51 43 29 13 24 28 70 74 39 62 50 46 82 71 4 77 41 31 3 5 37 6 49 38 27 15 68 18 48 11 60 55 26 63 53 32 79 59 20 61 57 16 69 64 65 42 54 21 78 83 76 56 19 40 7 75 2 17 1 58 47 73 34 80 44 72 36 25 10 81 22 14 84 8 52 35 67 30 
49
17 40 8 42 29 13 37 30 15 20 4 1 44 12 47 14 6 5 3 10 25 23 16 33 41 38 27 22 26 45 35 36 21 9 19 11 34 46 32 24 31 2 18 7 39 49 28 48 43 
4
3 1 4 2 
28
10 12 5 2 21 7 14 9 16 23 13 27 4 15 18 1 20 17 25 28 22 3 19 6 24 8 26 11 
56
30 19 22 3 48 47 4 21 12 42 15 36 26 54 28 55 18 40 46 14 49 1 53 43 35 11 10 5 29 56 37 32 13 25 31 23 50 39 16 51 6 7 24 27 45 2 41 17 52 33 38 8 34 20 44 9 
17
17 5 1 13 10 16 3 11 6 14 4 12 7 8 2 9 15 
38
13 21 3 17 34 10 14 1 18 28 23 25 32 15 38 9 36 26 35 7 20 12 4 6 33 29 19 5 37 24 2 31 11 22 16 27 30 8 
13
2 3 8 5 13 11 12 6 10 7 9 4 1 
77
41 58 47 21 69 65 23 74 63 29 31 44 77 35 72 22 6 70 51 11 60 16 17 33 71 14 10 3 20 45 66 26 76 8 61 50 59 25 49 38 24 27 52 43 73 30 1 12 53 19 68 42 75 48 18 67 46 28 34 55 7 37 15 32 4 5 36 39 62 13 56 54 9 64 57 2 40 
82
40 78 68 44 1 46 39 6 2 49 17 55 61 11 25 7 76 54 26 53 10 24 12 21 58 9 22 60 80 56 31 51 37 18 19 3 62 29 63 13 30 38 82 36 15 33 73 4 50 74 28 16 41 20 32 47 70 8 77 75 57 52 5 34 81 67 48 65 71 79 42 14 66 35 72 59 64 27 45 43 23 69 
18
3 9 13 12 16 7 2 8 11 15 5 6 1 10 14 18 17 4 
56
41 30 36 42 16 5 6 13 14 11 10 27 50 8 40 49 20 1 28 12 53 23 2 7 21 29 34 15 33 52 19 55 9 43 56 51 38 31 35 25 3 48 22 44 32 18 39 37 24 47 46 26 17 45 54 4 
17
9 1 3 2 5 7 12 14 8 13 16 11 17 15 6 10 4 
61
41 37 40 42 33 34 53 43 59 36 11 61 1 54 8 9 24 32 17 50 22 23 26 14 18 35 56 5 46 48 31 4 52 29 45 21 55 20 28 6 7 15 16 60 10 38 39 13 51 25 57 44 12 30 19 3 58 2 27 47 49 
32
1 7 4 15 26 16 8 11 13 10 19 18 21 29 22 28 31 20 17 32 3 9 14 2 23 12 30 5 27 25 24 6 
36
13 27 21 1 20 26 15 9 16 3 31 11 19 23 2 24 10 29 25 7 5 12 14 34 17 36 4 18 33 6 22 28 30 35 8 32 
48
43 2 28 35 10 14 24 27 31 46 19 22 23 4 12 1 11 29 17 34 42 18 36 45 8 20 6 7 41 33 32 3 26 38 37 13 21 40 9 39 15 44 30 48 25 5 47 16 
97
17 49 66 35 87 83 7 94 10 95 30 59 29 53 43 28 79 65 23 56 73 84 61 39 64 82 89 33 97 21 96 37 81 93 50 67 68 46 85 22 76 14 69 20 6 54 26 2 57 92 18 44 47 41 15 9 8 16 40 11 86 74 12 25 71 42 63 78 34 77 70 60 5 36 88 80 48 90 55 24 38 4 75 1 58 62 52 91 13 32 3 19 27 51 31 45 72 
57
9 1 48 35 50 17 19 38 51 26 4 10 13 49 11 22 23 41 47 57 14 46 40 31 24 21 52 55 28 6 18 16 32 34 3 53 25 5 7 27 43 42 54 20 45 12 39 37 2 30 8 33 15 56 29 44 36 
98
38 35 85 46 28 45 21 59 63 84 92 86 53 17 31 56 82 2 95 44 78 33 9 34 96 19 23 36 93 79 61 97 54 48 39 11 15 25 47 13 50 27 4 18 74 5 91 16 24 89 8 76 41 83 58 68 51 73 30 1 3 75 66 52 64 67 81 65 49 22 98 14 7 57 55 6 94 72 29 32 70 62 80 20 43 90 40 12 10 42 88 26 87 77 37 60 69 71 
35
12 15 9 25 29 10 19 18 14 8 7 6 2 24 22 16 3 27 11 21 5 17 33 31 28 13 23 1 32 4 30 26 35 34 20 
4
1 2 4 3 
14
6 7 11 10 12 14 8 13 1 4 9 2 5 3 
69
57 36 6 47 43 30 19 26 64 42 58 50 24 8 25 41 59 17 35 65 10 44 40 54 20 46 61 53 22 63 34 12 13 62 52 48 38 28 55 29 66 39 60 16 1 9 11 27 23 31 5 45 37 21 4 32 33 15 3 2 67 49 68 7 18 56 69 51 14 
6
5 4 2 3 6 1 
98
85 36 90 39 83 42 87 91 86 20 1 21 33 30 40 74 75 82 14 19 61 8 59 79 70 44 80 45 37 18 28 38 29 24 65 53 95 76 35 50 71 6 34 23 48 64 32 78 63 73 56 84 57 41 72 13 11 96 55 4 2 89 93 60 62 54 3 47 98 97 94 46 49 43 7 12 5 67 26 69 77 68 88 66 22 16 25 15 81 52 17 31 92 58 9 51 27 10 
66
13 19 31 49 54 46 9 21 47 61 6 28 35 11 59 8 48 56 2 38 4 57 10 64 53 42 5 15 37 65 55 60 44 23 25 39 62 22 33 36 24 17 18 40 12 41 29 26 3 20 16 66 30 58 34 50 32 43 52 7 63 45 51 27 1 14 
98
57 98 47 37 12 62 87 78 14 16 24 46 42 74 45 77 17 34 75 68 41 32 76 58 6 22 56 71 70 84 18 85 83 5 27 31 92 95 61 96 53 19 65 8 86 66 55 72 28 81 59 60 63 69 90 20 38 36 25 3 33 67 11 39 23 35 44 2 1 26 54 21 89 51 15 43 7 50 29 91 80 94 82 48 40 13 97 64 73 30 52 88 93 9 79 4 10 49 
44
42 8 24 19 20 4 1 16 35 34 39 38 15 32 18 37 27 3 6 13 36 33 17 30 40 43 25 9 26 5 14 23 22 44 11 12 7 29 21 41 31 2 10 28 
4
2 4 3 1 
80
22 51 72 7 17 75 12 56 3 10 60 43 19 53 18 20 44 15 50 74 61 27 8 80 52 35 76 2 24 29 6 49 59 69 46 9 58 67 70 57 55 37 25 78 77 16 13 66 47 30 62 40 48 31 79 63 45 4 28 5 36 39 42 41 71 73 65 68 64 34 14 54 26 23 11 1 38 32 21 33 
5
3 5 2 4 1 
14
1 10 9 14 4 7 11 5 13 12 6 8 2 3 
42
27 19 10 21 34 39 42 17 3 14 11 2 40 37 25 4 32 15 6 8 28 30 13 35 12 26 1 16 20 36 41 31 23 22 7 24 29 5 18 38 33 9 
11
2 3 4 11 5 6 9 7 10 1 8 
6
3 1 2 5 4 6 
88
54 79 53 24 4 48 37 21 86 17 74 66 78 23 2 11 25 22 3 61 32 6 27 44 88 10 40 72 51 65 58 5 41 71 81 42 87 14 19 82 60 36 35 45 77 62 28 12 8 7 46 63 84 68 56 15 75 80 69 13 47 76 1 43 52 20 39 64 34 18 29 55 83 30 67 38 73 49 9 50 59 16 33 85 57 31 70 26 
27
18 1 24 2 11 5 25 3 17 14 9 19 27 4 12 23 22 10 20 13 15 21 16 26 8 7 6 
70
29 54 49 5 69 35 15 58 33 66 11 31 27 10 60 61 38 18 23 34 57 48 50 13 63 21 19 28 14 26 40 20 39 52 30 36 55 41 62 46 65 7 24 12 47 56 45 51 6 4 64 68 25 43 59 9 2 70 32 37 22 17 1 8 42 44 53 67 16 3 
4
2 3 4 1 
35
16 11 21 6 26 25 24 27 34 32 10 29 19 8 4 7 30 13 14 23 15 20 17 18 22 12 9 5 3 35 33 31 1 28 2 
94
65 79 41 54 71 35 91 15 74 51 20 30 14 38 32 39 16 26 53 66 22 68 59 85 9 84 75 12 42 78 19 10 6 40 1 56 60 36 47 45 67 77 83 64 87 81 89 58 7 34 21 88 24 72 80 3 23 29 94 57 18 93 62 50 46 92 61 11 5 8 37 76 52 55 25 33 43 4 70 44 31 13 48 86 49 17 90 28 27 2 63 73 69 82 
91
11 88 67 69 3 71 49 56 27 72 45 6 91 58 30 40 5 35 76 24 32 21 74 23 77 26 36 79 9 90 43 28 2 14 31 4 33 17 83 75 8 65 15 12 82 25 68 89 10 80 39 64 46 85 47 16 53 55 52 29 62 63 44 50 51 18 57 84 60 48 20 19 37 87 66 73 81 42 78 54 86 61 59 70 38 7 34 13 22 41 1 
90
44 57 51 78 30 8 22 69 63 21 53 61 68 56 26 52 24 71 48 67 18 83 1 11 80 25 87 49 16 88 33 64 28 5 19 36 6 77 84 32 34 29 72 7 59 75 62 58 43 86 90 47 76 3 73 17 45 14 20 37 12 85 23 89 31 46 27 42 81 79 38 10 35 13 60 50 40 4 55 82 9 2 65 66 15 41 54 39 70 74 
98
12 63 65 87 24 73 91 49 71 68 69 5 13 74 86 9 6 94 1 23 20 33 67 36 95 76 85 46 98 22 79 8 80 21 26 4 38 96 51 54 45 66 55 90 50 70 15 18 81 93 39 61 59 47 43 14 84 53 88 2 29 58 57 92 41 28 97 42 10 25 27 62 30 75 32 31 78 83 89 11 34 48 77 3 64 35 7 60 44 19 40 56 37 16 72 52 17 82 
18
5 17 3 13 8 12 11 2 6 10 1 9 14 4 16 18 15 7 
51
17 16 4 39 9 51 22 35 34 38 7 49 47 40 50 5 31 41 33 12 32 14 21 15 18 43 30 19 37 42 6 46 26 25 29 8 45 13 23 28 27 44 1 20 48 24 36 11 10 2 3 
73
58 23 48 67 62 73 64 35 4 40 7 66 28 55 22 10 36 5 44 16 65 51 21 12 45 15 32 60 72 25 49 2 26 61 13 14 18 57 33 9 50 42 8 29 52 39 63 43 20 11 24 3 1 71 34 41 54 31 38 17 69 46 6 53 27 37 47 19 70 56 68 59 30 
61
38 9 17 59 46 35 44 7 11 45 30 4 32 42 23 6 16 47 15 43 20 24 57 36 5 29 28 60 33 10 13 53 39 12 58 14 18 8 37 31 1 26 51 19 41 22 55 27 49 3 2 40 21 48 52 61 34 54 25 50 56 
100
33 44 89 71 66 16 45 83 7 62 14 91 19 73 20 52 24 100 29 11 32 72 43 4 22 36 70 50 30 38 81 85 23 95 84 25 47 57 90 56 8 31 69 28 46 80 3 42 37 35 55 64 77 99 94 63 5 12 61 86 26 21 13 98 54 97 53 2 92 68 10 1 41 39 82 96 40 48 51 74 93 27 76 60 9 65 87 49 58 75 17 18 34 78 59 79 67 15 88 6 
56
12 49 37 27 4 47 25 15 2 56 45 43 36 38 41 42 18 5 29 14 26 53 7 20 6 11 19 44 34 10 21 51 24 54 8 40 3 31 13 35 55 50 28 23 39 1 32 16 22 17 46 48 33 9 52 30 
62
19 36 47 61 33 37 30 2 14 62 49 43 59 5 7 23 56 32 41 45 10 38 26 53 13 44 31 54 57 60 8 1 17 25 46 22 28 40 21 11 34 50 3 35 6 48 15 20 39 18 24 9 4 42 16 58 27 55 52 29 51 12 
72
1 26 17 22 34 45 70 25 40 68 5 53 16 43 65 18 12 31 37 7 60 50 57 28 36 61 47 55 64 3 56 9 66 54 33 27 10 11 4 44 6 29 8 71 48 19 59 58 69 23 30 51 72 2 39 46 62 20 41 42 67 32 24 13 63 35 52 38 15 21 49 14 
3
2 1 3 
28
3 4 14 9 25 23 1 15 2 22 5 17 6 26 12 28 7 18 21 24 16 27 11 13 8 20 19 10 
17
7 16 4 9 11 6 8 1 13 17 5 2 10 15 12 14 3 
99
46 43 68 85 57 38 90 92 93 52 86 98 54 5 24 13 64 55 28 97 87 79 34 81 63 44 70 4 32 7 51 23 49 47 58 82 26 62 36 25 21 17 56 16 48 2 27 67 19 31 11 22 80 89 3 30 42 40 77 33 15 53 20 18 14 10 35 41 9 96 83 91 59 72 76 65 37 74 88 1 61 84 60 29 45 8 73 50 99 71 39 6 12 66 78 69 75 94 95 
19
11 7 1 14 15 5 12 8 16 6 19 2 13 10 9 4 18 17 3 
65
12 32 47 55 29 58 3 37 45 54 4 35 15 14 62 6 49 23 33 43 18 46 60 38 57 63 13 8 61 27 40 24 30 22 19 42 2 52 16 39 26 17 51 10 48 31 1 59 56 21 53 34 9 20 65 41 36 50 11 7 28 25 5 44 64 
7
2 7 6 3 5 1 4 
19
12 2 7 4 5 18 10 16 14 3 13 17 1 6 11 9 15 8 19 
28
13 4 11 5 26 3 8 1 19 21 28 20 9 25 6 27 18 16 23 14 12 7 17 24 22 2 10 15 


