100
1 2 10
2 17 10
10 9 19
5 7 17
4 2 18
2 12 0
10 5 1
8 11 14
6 19 2
9 4 18
7 14 18
6 10 9
10 14 18
5 9 17
5 3 15
6 3 6
4 7 0
9 17 2
1 17 6
10 0 19
4 14 0
6 19 10
1 18 18
5 15 1
4 19 5
4 15 0
3 2 7
1 13 17
8 7 19
8 1 3
1 7 9
7 12 15
1 5 11
1 8 1
3 2 11
5 16 18
5 18 1
4 2 19
4 4 7
6 17 8
10 3 4
9 1 19
1 1 5
10 11 11
5 12 12
9 0 6
9 1 9
3 14 8
7 17 11
10 15 14
5 0 17
9 19 16
4 7 16
4 8 6
9 11 6
6 7 5
9 1 0
4 7 8
2 15 16
8 3 2
2 0 13
8 11 12
6 8 0
3 16 17
1 5 6
4 9 6
7 19 18
2 4 4
2 9 0
7 12 15
4 4 0
3 9 19
6 2 18
10 2 11
7 15 14
8 13 4
9 3 4
8 19 10
5 4 2
4 1 13
8 12 3
9 4 11
10 0 6
6 18 1
6 7 9
10 18 0
6 18 16
3 2 9
1 10 7
7 19 19
6 11 18
2 7 18
7 7 6
5 16 17
7 6 6
1 17 18
3 5 14
10 0 9
8 12 8
4 4 19

