100
2
1 1 
40
9 9 8 8 8 7 6 6 6 6 5 4 3 3 3 2 2 2 1 1 1 1 1 1 1 1 1 1 1 1 1 1 1 1 1 1 1 1 1 1 
17
16 15 14 14 13 13 13 12 12 12 11 10 10 10 9 9 9 
14
8 8 8 7 7 7 7 6 5 5 5 4 4 3 
5
1 1 1 1 1 
11
8 7 6 6 5 5 4 4 4 4 4 
35
29 29 28 28 28 28 27 27 27 26 25 24 23 23 23 22 21 20 20 19 19 19 18 18 18 17 17 17 16 16 16 15 14 13 13 
4
3 3 3 3 
8
7 7 6 6 5 4 3 2 
23
13 12 11 11 10 10 10 9 9 9 8 8 8 7 6 5 5 5 5 5 5 4 3 
36
6 5 4 4 4 4 3 2 2 1 1 1 1 1 1 1 1 1 1 1 1 1 1 1 1 1 1 1 1 1 1 1 1 1 1 1 
19
7 7 6 5 5 4 4 4 3 2 1 1 1 1 1 1 1 1 1 
4
2 2 1 1 
4
1 1 1 1 
28
14 13 12 12 11 10 9 9 8 8 8 7 6 5 4 4 3 2 2 1 1 1 1 1 1 1 1 1 
11
7 7 7 6 5 4 4 4 3 3 3 
8
1 1 1 1 1 1 1 1 
31
31 31 31 31 31 31 30 29 29 29 28 28 28 27 26 25 24 23 22 21 20 20 20 19 19 18 17 16 16 15 15 
36
24 24 24 23 23 22 21 20 19 19 18 18 17 17 17 17 16 15 14 14 13 12 11 11 10 9 8 7 7 7 7 6 6 6 5 4 
19
17 16 15 14 13 12 11 11 10 10 9 9 8 7 7 7 7 6 5 
21
13 12 11 10 10 10 10 9 8 8 8 8 7 6 6 5 5 4 3 3 2 
19
12 12 11 11 11 10 9 8 8 7 6 5 4 4 4 3 2 1 1 
8
1 1 1 1 1 1 1 1 
42
31 30 30 29 28 27 26 25 25 24 24 24 24 24 24 24 24 24 24 23 22 21 20 20 20 20 19 18 18 18 17 17 17 16 16 16 15 15 14 14 14 14 
45
2 2 2 1 1 1 1 1 1 1 1 1 1 1 1 1 1 1 1 1 1 1 1 1 1 1 1 1 1 1 1 1 1 1 1 1 1 1 1 1 1 1 1 1 1 
41
27 27 27 26 26 26 26 25 24 24 24 24 24 24 24 24 23 22 22 21 20 20 20 20 19 18 17 17 16 15 15 14 13 12 12 12 12 11 11 10 10 
20
14 14 14 14 13 13 13 12 11 11 11 10 10 10 9 8 8 7 7 6 
43
33 33 33 32 32 31 30 29 28 28 27 27 27 27 26 26 25 24 23 23 22 22 21 21 21 20 20 19 19 18 17 17 16 15 15 15 14 13 12 12 11 11 10 
5
4 3 2 2 2 
41
1 1 1 1 1 1 1 1 1 1 1 1 1 1 1 1 1 1 1 1 1 1 1 1 1 1 1 1 1 1 1 1 1 1 1 1 1 1 1 1 1 
13
11 10 9 8 7 7 7 6 5 4 3 2 2 
29
7 6 6 6 5 4 3 2 1 1 1 1 1 1 1 1 1 1 1 1 1 1 1 1 1 1 1 1 1 
36
23 23 23 22 22 22 22 22 21 21 21 21 21 21 20 19 19 18 18 18 18 18 17 17 16 15 15 14 14 14 13 12 12 12 11 10 
50
17 16 16 16 15 14 13 12 11 10 10 9 8 7 6 5 5 4 3 3 3 2 2 2 2 2 2 1 1 1 1 1 1 1 1 1 1 1 1 1 1 1 1 1 1 1 1 1 1 1 
26
14 13 13 12 11 11 11 10 9 9 8 7 6 5 4 4 4 3 2 1 1 1 1 1 1 1 
13
9 8 7 7 7 7 7 7 6 5 5 4 4 
28
18 18 18 17 17 17 16 15 14 14 14 14 14 14 14 13 12 11 10 9 9 9 9 8 8 8 7 7 
38
36 35 34 34 33 33 32 32 32 32 31 30 29 28 28 28 27 27 27 26 26 26 26 25 25 25 24 23 23 22 21 21 21 21 20 19 18 17 
34
10 10 10 10 10 9 8 7 6 6 6 5 5 5 4 4 3 3 3 3 2 2 1 1 1 1 1 1 1 1 1 1 1 1 
28
5 4 3 3 2 1 1 1 1 1 1 1 1 1 1 1 1 1 1 1 1 1 1 1 1 1 1 1 
43
26 25 24 24 23 22 21 21 21 21 21 20 20 19 19 18 18 18 18 18 18 17 17 17 17 17 17 17 17 17 17 17 16 15 15 14 14 14 14 13 13 12 11 
11
9 9 9 9 9 9 9 8 7 7 6 
15
8 8 7 7 7 6 5 5 4 3 3 2 2 2 1 
35
13 13 13 12 12 12 11 11 10 10 9 9 8 8 7 6 6 5 5 4 4 3 2 2 1 1 1 1 1 1 1 1 1 1 1 
4
2 2 2 1 
11
5 5 5 4 3 3 2 1 1 1 1 
24
23 23 22 22 21 20 20 20 19 19 19 18 17 17 16 15 15 15 15 15 15 14 14 14 
15
12 11 11 11 10 9 9 8 7 6 5 4 4 4 3 
24
11 11 10 9 9 8 7 6 6 6 6 6 5 4 3 3 2 1 1 1 1 1 1 1 
4
1 1 1 1 
6
6 6 6 5 4 3 
17
7 7 6 6 6 5 5 4 3 3 2 1 1 1 1 1 1 
6
1 1 1 1 1 1 
31
18 17 17 17 17 17 17 17 17 17 16 16 15 14 14 13 13 13 12 12 12 11 11 10 9 8 8 8 7 6 5 
13
3 3 2 1 1 1 1 1 1 1 1 1 1 
16
1 1 1 1 1 1 1 1 1 1 1 1 1 1 1 1 
43
34 34 34 33 33 32 31 31 31 30 30 29 29 28 27 27 27 26 25 25 24 24 24 24 24 24 23 22 21 21 21 20 20 20 20 20 20 20 20 20 20 20 20 
31
23 22 22 21 20 20 19 19 18 18 18 18 18 18 18 18 18 17 16 16 15 14 14 14 14 13 13 12 12 11 11 
31
18 18 17 17 17 16 15 14 13 12 11 10 9 9 9 8 7 7 6 5 5 4 3 3 2 2 2 2 2 2 1 
43
23 22 21 20 20 19 19 19 18 17 17 17 16 16 15 14 14 13 13 13 12 12 11 10 9 8 7 7 6 6 5 5 5 4 4 4 4 4 3 2 1 1 1 
39
15 14 13 12 12 12 11 11 11 11 10 10 10 9 8 7 7 7 6 5 4 4 4 3 3 2 2 1 1 1 1 1 1 1 1 1 1 1 1 
47
14 13 12 12 11 11 11 11 11 11 10 10 10 9 9 9 8 8 8 8 7 6 5 5 4 3 2 2 2 2 2 2 1 1 1 1 1 1 1 1 1 1 1 1 1 1 1 
23
18 17 16 16 16 15 15 15 15 15 14 13 12 11 11 11 10 10 10 9 8 7 7 
20
17 17 17 16 16 16 15 15 15 14 13 12 11 10 9 9 8 7 6 5 
43
21 20 20 19 19 19 19 19 18 18 17 16 15 15 14 13 12 11 10 10 9 9 8 7 6 6 6 6 5 4 3 2 2 1 1 1 1 1 1 1 1 1 1 
24
18 18 18 18 18 18 17 16 15 15 15 14 14 13 12 11 11 11 11 10 9 8 8 8 
18
11 11 10 10 10 10 9 8 8 7 6 5 5 5 5 5 5 4 
45
2 1 1 1 1 1 1 1 1 1 1 1 1 1 1 1 1 1 1 1 1 1 1 1 1 1 1 1 1 1 1 1 1 1 1 1 1 1 1 1 1 1 1 1 1 
8
3 2 2 2 1 1 1 1 
34
4 4 4 4 4 3 2 1 1 1 1 1 1 1 1 1 1 1 1 1 1 1 1 1 1 1 1 1 1 1 1 1 1 1 
21
1 1 1 1 1 1 1 1 1 1 1 1 1 1 1 1 1 1 1 1 1 
27
26 25 24 23 23 23 22 22 22 22 21 21 20 20 20 20 20 19 19 19 19 18 17 17 16 16 16 
12
11 10 9 8 7 7 6 6 5 5 4 4 
14
3 3 2 1 1 1 1 1 1 1 1 1 1 1 
41
23 22 22 21 20 19 18 17 17 17 17 16 15 15 15 14 13 12 12 11 10 10 10 10 10 9 9 9 8 8 8 7 7 7 6 6 5 5 5 4 4 
23
14 13 12 12 12 11 10 10 9 8 7 6 5 4 3 2 2 2 1 1 1 1 1 
21
16 16 16 16 15 14 14 14 14 14 13 12 12 12 12 12 12 11 10 10 9 
37
14 14 13 12 11 11 11 10 10 10 9 9 9 8 8 7 6 6 6 6 6 6 6 5 5 5 5 4 3 2 1 1 1 1 1 1 1 
32
7 6 6 5 4 3 3 2 2 1 1 1 1 1 1 1 1 1 1 1 1 1 1 1 1 1 1 1 1 1 1 1 
30
12 12 12 12 11 11 11 11 10 9 9 9 9 8 7 7 7 6 6 5 5 4 3 3 3 2 2 1 1 1 
38
2 1 1 1 1 1 1 1 1 1 1 1 1 1 1 1 1 1 1 1 1 1 1 1 1 1 1 1 1 1 1 1 1 1 1 1 1 1 
26
9 9 9 8 8 7 7 7 6 6 5 4 3 2 2 2 2 1 1 1 1 1 1 1 1 1 
19
17 16 15 15 14 13 12 12 12 12 12 11 10 10 10 10 9 9 9 
37
29 29 28 27 27 26 25 24 24 23 23 22 22 21 20 20 19 19 18 18 17 17 16 16 15 15 14 14 13 12 11 10 9 8 8 7 7 
37
28 28 27 27 26 25 25 25 24 24 23 22 22 22 21 21 21 20 20 19 18 17 17 17 16 16 15 15 14 13 13 13 13 13 12 12 11 
4
3 3 3 3 
38
21 20 19 19 18 17 17 17 16 15 14 13 12 12 12 11 10 10 9 9 9 8 7 6 5 4 4 3 3 3 2 2 1 1 1 1 1 1 
19
2 1 1 1 1 1 1 1 1 1 1 1 1 1 1 1 1 1 1 
38
14 14 13 12 11 10 9 9 8 7 7 6 6 5 4 3 3 2 1 1 1 1 1 1 1 1 1 1 1 1 1 1 1 1 1 1 1 1 
28
26 25 25 25 25 25 25 24 24 24 24 23 23 23 22 22 21 21 20 19 19 18 18 17 17 17 17 16 
14
14 14 14 14 14 14 14 14 14 13 12 12 11 10 
9
8 7 6 6 5 4 4 3 3 
11
4 4 4 4 3 3 2 2 2 2 1 
38
25 24 23 22 22 21 21 21 21 21 20 20 20 20 19 19 18 18 17 16 16 15 14 13 12 12 12 11 11 11 10 10 9 9 8 7 6 6 
18
12 11 11 10 10 10 9 8 8 8 7 6 6 5 5 4 3 3 
28
26 26 26 26 25 25 25 25 24 23 22 22 21 20 19 19 19 18 18 18 18 17 16 16 15 14 14 13 
36
22 21 21 21 20 19 18 17 16 16 16 15 14 14 14 13 13 13 13 13 13 12 11 10 9 9 8 7 7 6 5 4 3 3 2 2 
1
1 
6
4 3 3 2 1 1 
44
26 25 24 23 23 22 22 21 20 19 18 18 17 16 15 14 13 12 12 12 12 11 11 10 10 10 10 9 9 9 8 7 6 6 6 6 5 5 5 5 4 3 3 2 
