Test Cases:
100
5 5 11
2 4 12
6 12 14
3 16 11
10 19 3
2 18 13
6 9 0
7 11 4
3 19 5
2 18 6
2 19 7
8 2 16
7 8 9
5 15 10
7 8 17
10 8 0
7 13 19
8 8 10
3 14 4
8 4 2
7 0 5
8 8 16
6 11 7
8 1 1
4 14 19
10 8 13
8 18 9
4 1 8
7 1 17
10 17 11
8 8 14
9 6 13
9 9 1
10 13 19
3 6 7
6 6 14
9 18 2
5 12 5
1 0 10
5 6 1
1 17 8
8 15 1
4 15 6
7 1 17
8 13 17
7 3 18
4 15 5
6 4 0
9 0 3
3 7 16
3 7 11
7 1 3
8 19 4
6 17 2
2 5 13
8 1 15
10 15 15
4 2 5
1 9 6
10 3 10
6 5 0
2 4 13
8 8 12
10 10 1
5 11 18
1 7 13
5 0 19
5 13 15
3 7 2
4 18 0
10 15 14
4 17 19
7 11 3
2 16 9
8 10 6
7 3 5
5 18 9
4 10 18
10 3 19
3 6 11
4 3 3
2 15 18
8 5 17
8 7 2
5 4 4
3 10 12
7 14 8
2 8 14
4 17 16
7 15 15
5 1 7
6 11 11
4 5 10
4 5 7
3 6 1
10 4 16
10 12 17
3 19 16
5 0 17
7 12 14
