Test Cases:
100
8
0 0 1 1 0 1 0 1 0 1 1 1 0 0 0 1 
1
1 0 
38
0 1 0 0 0 1 1 0 0 0 1 0 1 1 1 1 1 0 0 1 0 1 0 1 1 1 1 1 1 1 0 0 1 1 0 0 0 0 0 1 1 0 1 1 1 1 1 1 0 1 0 1 0 0 1 1 1 1 1 1 0 0 0 1 1 0 0 1 1 1 0 1 0 0 1 0 
14
0 0 1 0 1 1 1 1 0 0 1 1 0 0 0 1 0 1 0 1 1 0 0 0 1 0 0 1 
10
1 0 0 1 0 1 1 0 1 1 0 1 0 0 0 1 1 0 1 0 
20
1 1 1 0 0 1 1 0 1 1 1 1 1 0 1 0 1 1 1 1 1 0 0 1 0 1 0 0 1 0 1 0 0 0 1 1 0 1 1 1 
33
1 0 1 1 0 0 0 1 1 1 0 0 0 0 1 1 1 1 0 0 1 0 0 1 0 1 1 1 0 0 0 1 0 1 1 1 0 1 0 1 0 0 0 1 1 0 0 0 1 0 1 1 1 1 1 0 1 1 1 0 1 1 0 1 1 1 
4
1 1 0 0 0 0 1 0 
47
0 0 0 1 1 0 0 0 1 0 1 1 0 1 0 1 1 0 0 1 1 1 0 0 1 0 0 1 1 1 1 1 0 0 1 0 0 1 1 0 0 0 0 0 0 1 1 0 1 0 0 1 1 1 0 0 1 0 0 0 0 0 0 0 1 1 1 0 1 1 1 1 0 0 0 0 0 1 1 0 0 0 0 1 0 1 0 1 0 0 0 1 1 1 
23
0 0 0 0 0 1 1 0 1 0 1 1 0 1 1 0 0 1 0 0 0 1 1 1 0 1 0 1 1 1 1 1 0 0 1 1 0 1 0 0 1 0 1 0 0 1 
26
1 1 1 1 1 0 0 1 0 1 1 1 1 0 1 0 0 0 0 1 0 0 0 0 1 1 1 1 1 0 0 1 0 1 0 0 1 1 0 1 0 1 1 0 0 0 0 1 1 0 1 1 
12
1 1 0 1 0 1 0 0 1 1 0 0 0 1 1 0 1 0 1 1 0 0 0 0 
49
1 1 0 0 0 1 0 1 0 1 1 0 1 0 1 1 0 1 1 0 0 0 0 1 1 1 0 0 0 0 1 0 0 0 1 0 0 0 1 0 0 1 0 1 0 1 0 0 0 1 0 1 1 0 1 0 0 1 0 0 0 0 1 0 0 0 0 1 1 1 0 0 1 0 0 0 0 0 1 0 0 0 0 1 1 0 1 0 1 0 1 0 1 0 0 1 1 0 
48
0 0 0 1 0 1 1 0 1 0 0 0 0 0 0 1 0 1 1 1 1 1 1 0 0 0 1 0 1 0 1 0 1 1 0 1 0 1 1 0 1 0 1 0 1 0 0 0 1 1 1 1 1 0 1 1 0 0 0 0 1 1 0 1 0 0 0 0 0 0 1 0 0 1 1 1 1 1 1 1 1 1 0 0 1 1 0 0 1 0 1 0 1 1 1 1 
9
0 0 1 0 0 0 0 0 1 0 0 0 1 1 0 0 0 0 
36
0 0 0 1 0 1 1 1 1 1 0 0 1 0 1 0 0 1 0 0 0 1 0 1 0 1 1 0 0 0 1 0 1 0 0 0 1 0 1 0 0 0 1 1 1 0 1 0 1 0 1 0 0 0 0 1 0 0 0 1 0 0 1 1 1 0 1 0 0 1 0 1 
47
1 0 1 1 0 1 1 0 1 0 1 0 1 1 1 1 0 0 1 0 1 0 0 1 1 1 1 1 1 0 0 0 0 1 0 1 1 0 0 0 1 0 1 1 1 1 1 1 1 0 0 0 0 0 1 0 0 1 0 1 0 1 0 0 0 0 0 0 1 0 1 1 1 0 1 1 0 0 0 0 1 1 0 1 0 1 1 1 1 0 0 1 0 0 
13
0 0 1 0 0 1 0 1 1 0 0 0 0 1 0 0 0 0 1 0 1 0 0 1 1 1 
22
1 1 0 0 0 1 1 0 1 1 0 0 0 1 1 0 0 1 0 0 1 1 1 1 0 0 1 0 1 0 0 0 1 1 1 0 1 1 0 0 1 0 1 1 
12
1 1 0 1 0 0 0 0 0 1 0 1 1 1 0 0 0 0 1 0 1 1 0 1 
27
0 0 1 1 1 0 0 1 1 0 0 0 1 0 1 0 0 0 1 0 1 0 0 0 0 1 0 0 1 0 0 1 0 1 1 0 1 1 1 0 0 0 0 1 0 1 0 1 1 1 1 0 0 1 
34
0 1 1 0 0 1 1 0 0 1 1 1 0 0 1 0 0 0 1 1 1 0 0 1 1 0 0 1 1 1 1 1 0 0 0 1 1 0 0 1 1 0 0 1 1 1 1 1 0 0 0 0 1 1 1 0 1 1 0 1 1 1 0 0 1 0 0 1 
39
0 0 1 1 1 1 1 1 0 1 1 0 0 0 1 1 0 0 0 1 0 0 0 1 1 0 1 1 1 0 1 1 0 0 1 0 1 1 1 1 0 0 1 0 0 1 0 0 1 0 1 1 0 1 0 1 0 0 0 0 1 1 1 1 1 0 1 1 1 1 0 0 1 1 1 1 0 1 
44
0 1 1 0 0 1 1 0 1 1 0 0 1 0 1 1 0 1 0 0 0 0 1 0 0 1 0 0 1 0 1 0 1 0 1 1 0 0 0 0 0 1 0 0 1 1 0 1 0 0 1 1 1 1 0 0 1 1 1 0 0 1 0 1 0 1 0 1 0 1 1 1 1 0 1 0 0 0 1 0 0 1 0 0 1 1 1 1 
2
0 1 1 1 
42
1 0 1 1 1 0 0 1 1 1 0 1 0 0 0 1 1 0 0 0 1 1 0 1 0 1 0 0 1 1 1 1 1 1 0 1 1 0 0 1 0 0 1 1 1 0 1 0 0 0 1 0 1 0 1 0 0 0 1 0 0 0 0 0 0 1 0 0 0 1 1 0 1 0 0 1 1 0 1 0 1 0 1 0 
30
1 0 0 1 0 1 0 1 0 0 0 0 0 1 0 0 0 1 1 1 1 1 0 1 1 1 1 1 1 0 1 1 1 1 0 1 1 0 0 0 0 1 1 0 0 1 0 1 1 0 1 0 0 1 0 1 0 0 0 1 
44
1 0 1 1 1 0 1 0 0 1 1 0 1 0 1 1 1 0 0 1 1 1 1 1 1 0 1 1 0 1 1 0 0 0 0 1 0 0 1 1 0 0 1 1 1 0 1 1 1 1 1 1 1 1 0 1 1 0 0 1 1 1 1 0 1 0 0 0 0 1 1 0 0 0 1 0 0 1 1 0 0 1 0 1 1 0 0 0 
36
1 1 0 0 1 0 1 1 1 1 0 0 0 1 0 0 0 1 1 0 1 0 0 0 1 0 1 1 0 0 1 1 1 1 0 1 0 1 0 1 1 1 1 0 1 0 1 1 0 0 0 1 1 0 0 1 0 0 1 1 1 0 0 0 1 1 1 0 1 1 1 1 
20
1 1 0 1 1 1 0 0 1 1 1 1 1 0 0 0 0 1 1 0 1 1 1 0 1 1 0 1 0 1 1 0 1 1 1 0 0 0 0 1 
15
0 1 0 0 1 1 0 1 0 1 0 0 0 0 1 1 1 1 1 1 0 1 1 0 1 1 1 0 1 0 
22
0 0 0 1 0 1 1 0 1 1 0 1 1 0 1 1 0 1 0 1 0 1 1 1 1 0 1 0 0 0 1 1 1 1 0 1 0 1 0 1 1 0 0 1 
41
1 0 0 1 0 1 0 0 0 0 1 1 0 1 0 0 1 0 0 0 1 1 1 1 1 0 1 0 0 1 1 1 0 0 1 0 1 0 1 0 0 1 0 0 0 1 0 1 1 0 1 0 1 1 1 1 0 0 1 0 1 1 1 0 0 1 0 0 0 0 1 0 1 0 1 0 0 0 0 1 0 0 
8
1 1 1 0 0 0 0 0 0 1 1 0 0 1 1 0 
15
1 1 1 1 0 1 1 1 0 0 1 1 0 0 0 0 1 1 0 1 0 0 1 1 0 1 1 0 1 1 
38
0 0 1 0 1 1 0 0 1 1 1 1 0 1 0 1 0 1 1 1 1 0 1 1 1 0 1 1 1 0 0 1 1 1 1 1 1 1 0 1 0 0 0 1 0 1 0 0 1 0 0 0 0 1 1 0 1 1 0 1 0 0 0 0 0 1 1 1 0 0 0 1 1 1 0 1 
15
1 1 0 1 0 1 1 1 1 0 1 0 0 1 0 1 0 1 1 1 1 1 1 0 1 0 1 1 1 1 
11
1 0 1 1 0 1 0 0 1 0 1 0 0 1 0 1 0 1 0 0 1 1 
45
1 0 1 0 0 1 0 1 1 1 0 0 0 1 0 1 1 0 0 0 0 0 1 1 0 1 1 1 1 1 0 0 0 1 1 0 0 1 0 0 1 0 0 1 0 0 1 0 1 1 1 0 1 0 1 1 0 1 1 0 1 1 0 0 1 1 0 0 0 0 1 0 1 1 0 1 0 1 0 1 0 1 0 1 0 1 1 0 1 1 
32
1 0 1 1 0 1 1 0 1 0 0 1 0 0 1 0 0 1 1 1 0 1 0 0 1 0 0 1 0 1 0 1 1 1 0 1 0 1 0 0 0 1 0 0 1 1 1 0 0 1 1 0 1 0 1 1 1 1 1 0 1 1 0 1 
14
1 1 0 1 1 0 0 1 1 1 0 1 0 0 0 0 1 1 0 0 0 1 0 1 0 1 1 0 
15
1 1 0 1 1 1 1 0 0 0 0 1 1 1 0 0 0 0 0 0 1 0 1 0 0 1 0 1 1 0 
17
0 0 0 1 0 0 0 1 0 0 0 0 0 1 1 0 0 1 0 0 1 0 0 0 1 0 0 0 1 1 0 1 1 0 
7
1 0 0 0 1 0 1 0 1 1 1 1 0 1 
25
1 0 1 1 1 0 0 0 1 1 0 1 1 1 0 1 0 1 0 1 0 1 0 0 0 1 1 0 1 1 0 0 1 1 1 1 1 0 1 1 0 0 1 0 1 0 1 0 1 0 
16
1 0 0 1 1 0 1 0 1 1 1 0 1 0 0 0 1 0 0 1 0 1 1 1 1 0 1 1 0 1 1 0 
5
0 0 0 1 0 1 1 0 1 0 
47
0 0 1 1 1 0 0 0 1 1 0 1 1 0 1 1 0 0 0 1 0 0 1 0 0 0 0 1 0 1 0 0 0 1 0 1 1 1 1 1 1 0 0 0 1 1 0 0 0 0 1 0 1 0 0 0 1 1 0 1 0 1 0 1 1 1 1 0 0 1 1 0 1 1 1 0 1 1 0 1 0 1 1 1 1 1 1 0 1 1 1 0 0 1 
38
1 0 0 1 1 1 1 0 0 1 1 1 0 1 1 1 1 1 0 0 0 1 0 0 1 0 0 0 1 1 0 0 0 0 1 1 1 1 1 1 0 0 0 1 0 0 1 0 1 0 0 0 0 0 1 0 1 1 0 1 1 1 0 0 1 1 0 1 1 0 0 0 0 0 0 1 
50
1 0 1 1 0 1 0 1 1 1 1 0 1 1 0 1 1 1 0 1 0 0 1 0 0 1 1 1 1 0 0 1 0 1 0 0 1 0 1 0 0 0 0 1 0 1 0 0 0 1 1 0 1 1 1 1 1 0 1 1 0 1 0 1 0 0 0 1 0 1 1 1 0 0 1 1 1 0 0 0 0 0 0 0 1 0 1 1 1 1 0 1 1 1 1 0 0 1 1 1 
10
0 1 0 1 1 0 0 1 1 0 0 0 0 0 0 1 1 0 0 0 
45
1 1 0 1 0 0 0 0 0 1 1 1 0 0 1 1 0 0 0 0 0 1 1 1 1 0 1 0 1 1 0 1 0 0 1 1 1 0 1 1 1 0 1 0 1 0 0 1 1 0 1 1 0 0 1 1 1 1 0 0 0 0 1 1 1 1 1 1 1 0 0 1 0 1 1 0 0 0 1 1 0 1 0 0 0 0 0 1 0 1 
43
1 1 1 1 0 1 1 1 1 0 1 1 0 0 1 0 1 0 0 0 0 1 1 0 1 1 0 0 1 1 0 0 0 1 1 1 0 0 1 0 1 0 1 0 0 1 1 0 0 1 1 1 1 0 1 0 0 0 1 1 0 1 1 1 0 0 1 0 1 0 0 0 1 0 1 0 1 0 1 0 0 1 1 1 0 0 
41
0 1 1 0 1 1 0 1 1 1 0 1 1 1 0 1 1 1 0 0 0 1 1 0 1 1 1 1 1 1 1 1 1 0 0 0 0 0 0 0 1 1 0 1 0 0 1 0 0 1 0 1 1 0 0 1 1 1 1 0 1 0 1 1 1 0 1 1 0 1 1 0 0 0 0 0 1 0 0 0 0 0 
18
1 0 0 0 1 1 0 1 1 0 1 1 0 1 1 1 0 1 1 0 0 0 0 1 0 1 1 0 0 1 0 1 0 1 1 1 
2
0 0 0 1 
2
1 1 0 0 
29
1 0 1 0 1 0 0 1 1 0 1 1 0 1 0 1 0 1 0 1 1 0 0 1 0 1 0 1 1 0 0 0 1 0 0 1 0 1 1 1 0 0 1 0 1 0 0 1 1 0 0 1 1 1 0 1 1 0 
46
1 0 0 0 1 1 1 0 0 0 0 1 1 1 0 0 1 0 0 1 0 0 0 0 1 0 0 1 1 0 0 1 0 1 1 1 1 1 1 0 0 0 0 1 1 0 0 1 0 0 0 0 0 0 1 0 0 1 0 1 1 1 0 1 0 0 0 1 1 1 1 1 1 0 0 0 1 1 0 1 1 1 0 0 1 1 0 1 1 1 0 0 
42
1 1 0 1 1 0 1 0 0 1 0 1 0 0 0 1 1 1 0 0 1 1 1 0 1 0 0 1 1 1 1 1 0 0 1 1 0 0 0 0 1 0 1 0 1 1 1 1 0 0 0 1 0 0 0 1 1 1 1 1 0 0 1 1 0 0 0 0 1 1 0 0 0 0 0 0 1 1 0 1 0 0 0 1 
8
0 0 1 1 0 1 1 1 0 1 1 0 0 1 1 0 
3
1 0 1 0 0 0 
19
1 0 1 0 1 1 1 1 0 1 0 0 1 1 0 1 0 1 1 0 1 1 0 1 1 0 0 1 1 0 0 0 1 0 1 0 0 0 
28
0 1 1 1 0 1 1 0 0 1 1 0 0 0 1 0 1 1 0 0 0 0 0 1 0 0 0 0 1 0 1 0 0 0 1 0 1 0 1 0 0 0 1 0 1 0 1 0 1 1 0 0 0 0 1 0 
32
1 0 0 0 0 1 0 1 0 0 0 0 1 0 0 1 1 0 0 0 1 0 0 0 0 1 0 0 1 0 1 1 1 0 0 0 1 0 1 1 0 1 1 1 1 1 1 0 1 0 1 1 0 1 0 0 1 1 0 0 0 1 0 0 
14
0 1 1 1 1 1 1 0 0 0 0 1 1 1 1 1 1 1 0 0 0 0 1 1 0 1 1 0 
18
1 0 1 0 1 0 1 1 0 0 1 1 1 0 0 1 1 0 0 0 0 1 0 0 0 0 1 1 1 1 0 1 0 0 0 0 
9
0 1 0 0 0 0 0 1 1 0 1 1 1 1 1 1 0 1 
23
1 0 0 1 1 0 0 1 0 0 1 0 1 1 0 1 0 1 0 1 0 1 0 1 0 0 1 1 1 0 0 0 0 0 0 0 0 1 0 0 1 0 1 0 0 1 
33
0 0 0 0 0 0 1 0 0 0 0 1 1 0 0 0 1 1 0 0 1 1 0 0 1 0 1 1 1 0 1 0 0 1 1 1 1 1 1 1 1 0 0 1 1 1 0 1 1 1 0 0 1 1 1 0 0 1 0 0 0 1 1 1 0 0 
15
0 0 1 0 1 0 0 1 0 0 0 0 0 1 0 0 0 0 0 1 1 1 1 1 1 0 0 1 1 0 
26
0 1 1 1 0 1 0 0 1 1 1 1 0 0 0 0 0 1 1 1 1 1 1 0 0 1 1 1 0 1 1 0 1 1 0 0 1 0 0 0 0 1 1 0 1 0 0 1 1 0 1 1 
50
1 1 1 1 1 1 0 1 1 0 0 0 0 1 0 0 0 0 0 1 1 0 1 0 1 0 0 0 1 0 0 1 1 0 0 0 1 1 1 1 0 1 0 1 0 0 0 1 0 1 1 0 0 0 0 1 0 1 1 0 1 0 1 1 1 0 0 1 0 0 0 0 0 1 0 0 0 0 0 1 0 0 0 1 1 0 1 0 0 1 1 0 0 0 0 1 1 0 1 0 
50
1 0 0 0 1 1 0 1 0 0 0 1 1 1 1 0 1 1 1 1 0 0 0 1 1 1 0 1 1 0 1 1 0 1 1 1 1 1 1 1 0 0 0 1 0 1 0 0 0 0 1 0 0 1 0 0 0 0 1 0 1 1 0 1 0 0 1 0 1 0 0 0 1 0 0 1 0 0 1 1 1 1 0 1 1 0 0 0 0 1 0 1 1 0 1 0 0 0 1 0 
9
0 1 1 0 0 0 0 0 0 0 0 0 1 0 1 1 1 1 
1
1 1 
42
1 1 1 0 1 0 1 1 0 1 1 0 0 1 1 0 1 1 1 1 1 1 0 0 0 0 0 0 1 1 0 0 0 0 0 1 1 1 1 1 1 1 1 0 0 1 1 1 1 0 1 1 1 0 0 1 1 0 1 1 0 1 1 0 1 1 1 1 0 1 1 1 1 1 0 1 0 0 1 1 0 1 1 0 
34
1 0 1 1 1 1 0 1 0 1 0 1 0 0 1 1 0 0 0 1 1 0 1 1 1 0 0 1 0 1 0 1 1 1 0 0 0 0 0 1 0 0 0 1 1 0 0 0 1 0 0 0 1 0 0 0 1 0 1 0 0 0 0 0 1 1 1 1 
3
1 1 0 0 0 0 
1
1 1 
45
1 0 0 1 1 0 0 1 0 0 1 0 0 0 1 0 0 0 1 0 0 0 0 1 0 1 1 0 0 1 1 1 1 1 0 0 1 1 1 1 0 1 0 0 1 0 0 0 0 0 1 1 0 0 0 0 0 1 1 0 0 0 0 0 1 0 0 0 1 0 0 0 0 1 0 1 0 1 1 1 0 0 1 0 1 0 1 1 1 1 
18
1 0 1 0 1 1 0 0 1 0 0 1 0 1 0 1 1 0 0 0 0 1 0 1 0 0 1 1 1 1 0 0 0 1 0 1 
21
0 0 0 1 0 0 0 1 1 1 0 1 1 1 1 1 0 1 1 1 0 0 1 0 0 0 0 1 1 1 1 0 0 0 0 1 0 0 0 0 0 0 
42
1 0 1 0 0 0 0 1 1 0 0 1 0 1 1 0 0 1 1 0 0 0 1 0 1 1 1 1 0 1 0 0 0 1 1 1 1 0 1 1 0 1 0 0 1 0 0 0 0 0 1 1 0 0 0 0 1 0 0 0 1 1 0 1 0 1 1 1 0 0 1 0 0 1 0 0 0 0 0 0 1 1 1 0 
7
1 1 0 1 0 1 1 1 0 0 0 1 0 0 
17
1 1 0 0 0 1 0 0 1 1 0 0 1 1 0 0 0 0 1 1 0 0 0 1 0 0 1 1 0 1 0 0 0 1 
22
0 1 1 1 0 0 1 1 1 1 0 1 0 0 1 0 1 1 1 0 0 1 0 1 0 1 1 0 1 0 1 1 1 0 1 0 0 0 1 1 1 1 1 1 
27
1 1 1 0 0 0 0 0 0 0 1 1 0 1 1 1 0 1 0 1 1 0 1 0 0 0 0 1 0 1 0 0 0 0 1 0 1 0 1 1 1 1 0 1 0 0 1 0 1 0 1 0 0 1 
24
0 0 0 1 1 0 1 0 1 1 1 0 1 0 1 1 0 1 1 1 0 1 1 1 0 1 1 1 1 0 0 0 1 0 1 1 0 1 1 0 0 0 0 1 0 0 0 1 
20
1 0 0 0 1 0 1 0 1 0 0 1 1 1 1 1 1 0 0 0 0 1 1 1 0 0 1 0 0 0 0 1 1 0 1 1 1 0 0 0 
18
0 1 0 1 1 1 1 1 1 1 1 1 1 0 1 1 0 0 1 0 0 0 0 1 1 0 1 1 1 1 1 1 1 1 1 1 
42
0 1 0 1 1 1 0 1 1 0 1 1 0 0 0 1 0 1 0 0 1 0 0 1 0 0 0 0 0 0 1 1 1 0 0 1 0 0 0 0 0 0 1 0 0 1 0 0 0 0 0 0 0 0 0 1 0 1 0 1 0 1 0 0 1 0 0 0 1 1 0 0 0 1 1 0 1 0 0 0 1 1 1 1 
7
0 1 0 0 0 1 1 0 0 0 0 1 1 1 
2
1 0 0 0 
9
1 1 0 0 1 1 1 0 1 1 0 0 0 0 0 0 0 1 
18
1 1 1 1 1 0 1 1 0 0 0 0 1 0 0 0 0 0 0 0 1 1 1 1 1 1 1 1 1 0 1 0 0 0 0 1 
40
1 0 1 0 1 0 0 0 1 0 1 1 1 1 1 0 1 1 0 1 1 1 0 0 0 0 1 0 1 1 1 0 1 0 1 0 0 0 1 1 0 0 0 1 1 0 1 0 0 1 1 1 1 0 1 1 1 0 0 1 0 1 1 1 0 0 0 1 1 1 0 0 0 0 0 1 0 0 0 1 
39
1 0 1 1 0 1 1 1 1 0 1 0 0 0 0 1 1 1 0 1 0 1 0 0 0 0 0 1 1 0 1 1 1 0 1 0 0 1 0 0 1 1 1 1 0 0 0 0 0 1 0 0 1 0 0 0 1 1 0 1 1 1 0 1 0 1 1 0 0 0 1 0 1 1 0 1 0 0 
39
1 0 1 1 1 0 0 0 0 1 0 0 0 1 0 1 0 1 1 0 0 0 1 1 1 0 1 0 0 0 1 0 0 0 0 1 0 1 1 1 0 1 1 1 0 1 1 1 0 1 0 0 0 1 1 0 1 1 0 0 0 0 0 1 1 1 1 1 0 1 0 0 0 1 1 1 1 0 
25
0 1 0 1 1 1 1 1 1 0 1 1 1 1 1 0 0 1 0 0 0 1 1 0 1 1 1 0 1 1 0 1 0 1 0 1 0 1 0 0 0 0 1 1 1 1 1 0 1 0
