100
6 14 15
9 13 12
5 1 2
8 15 15
5 16 9
9 4 6
7 12 11
3 18 6
6 8 12
1 11 6
3 7 8
5 4 0
9 18 7
1 6 12
9 11 11
9 0 2
6 13 7
5 15 12
8 13 16
9 3 6
7 13 14
9 7 16
3 3 3
2 13 0
9 3 17
2 14 17
3 16 0
4 11 16
5 6 16
6 4 8
2 12 2
5 18 9
9 3 14
5 10 14
5 17 5
3 0 9
7 16 18
2 17 10
5 14 8
9 13 6
10 8 12
3 9 15
1 14 15
3 16 1
2 17 12
1 5 1
5 0 6
2 1 2
3 7 4
1 5 8
8 13 6
9 13 19
3 8 3
3 5 19
2 9 3
1 0 16
6 0 4
9 12 10
7 5 18
3 3 19
9 2 0
2 3 11
2 4 3
2 3 16
5 12 9
2 11 18
8 10 1
5 6 0
8 8 16
3 13 2
5 6 5
1 11 2
7 11 9
3 1 18
1 8 1
1 6 5
4 1 9
4 9 5
6 5 3
10 8 7
3 5 11
2 15 18
9 12 9
3 0 9
4 7 6
10 1 11
1 5 10
1 0 5
10 3 13
10 12 2
1 13 6
4 7 9
10 16 16
7 3 13
1 13 9
3 7 13
3 1 15
3 4 7
6 18 2
8 12 3
