Test Cases:
100
77 25122
17727 5087 19591 20395 11997 18332 18895 20371 1052 5168 7514 20059 11217 50 16950 28258 17447 24874 26519 21152 4746 7148 32727 406 10948 16164 16571 29829 4454 11313 30968 9951 23914 16951 24309 14843 7446 16239 15571 268 548 19650 7595 2388 6431 26519 24598 29333 4112 7657 20979 11209 20570 20636 14692 26642 28643 28689 28442 24564 15732 26360 28115 12994 27747 10085 31520 31830 9071 3622 19820 29445 29419 4181 21306 8659 30239
0 1 1 0 0 0 0 0 1 0 0 0 1 1 1 0 1 0 0 0 1 1 0 1 0 1 0 1 0 1 1 0 0 0 1 0 0 0 1 0 0 0 0 0 0 0 0 0 0 0 0 0 1 0 1 1 0 1 1 0 0 1 1 1 1 0 0 0 0 1 1 0 1 0 0 0 0
27 21303
16443 26356 31464 29280 20208 6536 23899 6587 13569 31281 3335 30465 13456 8351 26798 15484 2834 6017 18193 16759 24565 8347 31413 1779 1670 32537 17127
0 0 0 1 1 1 0 1 1 0 0 1 1 0 0 1 1 0 1 0 0 1 1 1 1 0 1
4 27751
4277 31471 8771 30699
1 0 0 1
100 26255
12980 23333 18469 26456 19352 15357 11087 5127 3393 16668 23013 31153 1606 23886 24528 1960 28538 4516 30515 6036 25529 22050 7758 15301 17633 31416 17570 18375 29214 5236 21333 18231 13163 19189 5337 22230 32341 6691 16329 5084 30722 23581 10515 5519 22643 12147 24924 9491 4870 3478 16800 10116 26687 9612 11033 28226 17607 20200 32355 24972 4533 10490 3549 14673 23053 14915 3922 14402 27014 9259 20697 7468 18577 16119 13561 16005 14742 12789 14865 1093 7041 23545 4343 13303 21885 8205 1760 17167 12287 27237 18048 9086 16135 401 13426 16004 16803 30710 27353 4549
1 0 1 1 1 1 0 1 1 1 0 0 0 0 0 1 1 1 0 0 0 0 0 1 0 0 0 1 0 1 1 0 1 1 0 0 0 1 0 0 1 1 1 1 0 0 0 1 0 0 0 0 0 1 0 0 0 0 0 1 1 1 0 0 1 1 1 1 1 0 1 0 0 0 0 0 0 0 1 1 1 1 1 0 0 0 1 1 1 0 1 1 0 1 1 1 0 0 0 1
40 21229
5472 28788 12900 959 22558 6113 8038 31773 29975 25083 17482 20761 17254 18046 685 17263 4138 28706 25653 22713 8932 16239 25114 5346 24864 28627 17893 26589 21848 4850 1912 9111 7445 22077 19535 3626 599 18118 27653 25683
0 1 1 1 0 1 0 1 1 1 1 1 1 1 1 1 1 0 1 1 0 0 1 0 1 0 1 1 0 0 1 0 0 0 1 1 1 0 0 0
87 5007
9466 2371 23738 17294 1242 21324 5606 21873 3384 7519 13929 32512 22922 7851 15358 7441 4384 26575 8476 31577 24490 2381 14733 20097 22267 32316 16988 5244 7692 12094 10485 20249 4420 8626 19848 19668 14326 10027 17582 29682 13100 8480 23631 17357 2467 11493 26563 108 29974 19417 5943 15446 5311 23522 24147 13480 10524 29718 11802 13158 15599 31163 1553 27663 24456 370 8355 1652 21574 20655 16068 19401 23388 4972 22229 10749 30673 6687 10951 327 22219 13289 2436 28674 15372 30992 16266
1 0 0 0 0 1 1 1 0 0 0 0 0 1 0 0 1 1 1 0 1 1 0 1 0 0 0 0 1 1 1 1 1 1 0 1 0 1 0 0 0 0 0 0 0 1 1 0 1 0 1 1 1 0 0 1 0 1 0 0 0 1 0 0 0 1 1 1 0 1 0 1 1 0 1 0 1 0 1 1 0 1 1 1 0 0 0
8 14445
9134 9285 10590 23461 15758 13639 7852 13823
1 1 1 0 1 1 0 0
49 5564
24495 32145 23080 25949 21957 12201 15639 11820 3775 4545 6655 3879 247 1754 13739 12409 4158 3734 20488 21998 9851 2891 8677 30121 16277 11862 26615 10009 27795 32434 7968 32297 4610 11721 22000 9911 26007 11913 14189 21576 28438 17083 13071 23034 4210 29328 26127 32442 22838
0 1 1 0 0 1 0 0 0 0 1 1 0 1 0 1 0 1 1 1 1 0 0 1 1 0 1 1 0 0 0 0 1 1 0 1 0 0 0 1 0 0 1 1 0 1 0 0 1
85 15767
3454 17734 19429 216 20346 849 4105 6871 10881 25206 24618 9986 16529 24524 23506 16974 2082 28670 23758 30691 22023 29089 28722 26133 16022 6596 24733 12183 4616 3784 13758 3307 30755 9586 19735 4637 28438 29758 28673 31921 12708 12534 2801 7642 18564 3204 27129 13549 19208 261 7826 19988 4862 17950 29336 31047 26580 24467 3222 28024 25855 31253 10564 27662 8092 2652 3662 30869 20312 25206 6743 14516 32398 12639 5694 4191 1456 8401 11168 20045 21992 1373 9374 31917 22271
0 1 0 0 0 0 0 1 1 0 0 1 0 0 1 1 1 0 0 0 1 1 0 0 1 1 1 1 0 1 1 0 1 0 1 0 0 0 1 1 0 1 1 1 0 0 1 1 0 0 0 0 0 0 1 1 0 0 0 0 0 0 0 1 1 0 1 1 1 0 0 1 0 1 0 0 0 0 0 1 1 0 1 0 0
76 5644
25688 21451 19423 20492 32563 31719 28612 31985 26387 20447 19279 30006 10705 8253 16049 25304 10696 25851 17613 27846 27519 25752 19957 13971 26248 20843 14324 2159 23975 20790 1874 13141 567 8958 17875 1414 26314 22298 10817 25397 1296 19851 28011 22404 23290 28299 28782 12719 25374 20840 6195 647 27742 17811 569 3619 5316 29172 30357 1490 27569 32385 15159 7763 32567 31759 11374 22089 22723 32360 16047 233 11519 7325 19858 26870
1 1 0 0 1 0 0 0 1 0 1 0 1 1 0 0 0 0 1 0 0 1 0 1 1 1 1 1 0 1 0 1 0 0 1 1 1 1 1 1 0 1 0 1 1 0 1 1 1 1 0 0 0 1 1 0 1 0 0 1 1 1 1 1 0 1 1 1 1 1 1 0 1 0 1 0
93 14744
3558 17195 16317 7190 23371 413 203 4868 14971 16735 11721 14976 24297 4271 25165 11475 29324 18228 22195 17153 9255 27445 120 17310 27342 30473 4580 29666 8870 4814 7404 16128 26348 5726 23894 26548 19769 26495 28190 30747 26116 2138 28185 25544 9832 27183 22488 4116 7975 22598 4303 14005 9456 3881 29622 22163 19933 21520 23088 9943 26688 8349 27051 16452 20127 14025 10119 28874 15613 12575 6266 27992 2907 25384 28467 22003 29055 7718 3645 16389 14324 11780 24871 15095 31314 8846 20706 769 24256 14558 22378 22081 26294
1 1 0 1 0 1 0 1 0 0 0 1 0 0 1 0 1 0 0 1 0 1 0 0 1 1 1 0 0 1 0 0 0 0 1 0 1 1 1 0 0 1 0 0 0 1 0 1 0 1 1 1 0 1 0 1 0 0 1 1 0 0 1 1 0 1 0 1 0 1 1 1 1 1 0 1 1 1 0 1 0 1 1 1 1 0 1 0 0 1 0 1 0
24 26841
10899 10390 11498 3335 11473 14023 8152 18168 1293 24863 14306 10468 4979 690 12573 22166 9327 20169 26623 6083 2484 5590 23164 25754
0 0 0 1 1 1 1 1 0 0 0 1 1 1 1 0 0 1 0 1 0 1 1 0
21 5163
23394 15609 15856 10121 19511 1266 17633 27487 5874 322 23717 5940 28243 19905 21894 3764 27043 7582 27337 24998 21728
1 1 1 1 0 0 1 0 0 0 1 1 0 1 0 0 0 1 0 1 0
84 13230
11784 31035 5455 696 1410 11330 14874 7162 24343 31412 23404 14153 8084 20799 8718 19936 16540 21251 13418 32013 30865 29164 15762 298 6584 24896 25988 23759 27799 5748 7853 70 2466 19524 27819 1343 30231 15363 2135 21189 2087 303 1283 15729 22102 23368 23296 30686 13860 16866 31588 26460 3565 32506 20745 12521 32270 17286 21209 4701 9545 27215 2889 23524 1131 23811 14628 7601 17707 20358 28042 24049 26710 17802 19256 27390 7977 5727 19210 7638 21502 25356 10685 8395
1 1 1 1 1 1 1 0 1 1 1 1 0 0 0 0 1 1 1 0 0 1 0 1 0 1 1 1 0 1 1 0 0 1 1 1 1 0 1 0 0 0 0 1 0 1 1 0 1 0 1 0 0 1 0 1 1 1 1 1 0 0 1 1 0 1 0 0 0 0 1 1 0 1 1 0 0 1 1 1 0 0 0 0
99 26991
24285 24596 9688 28294 9218 31914 20552 8664 22621 16865 29192 8106 4084 31036 24029 8635 18260 28574 9584 18972 21278 14009 9462 4162 26818 6856 29200 1114 9355 8321 12784 23772 12508 8005 6846 611 29369 19355 9274 3516 24456 17884 11170 27708 24601 304 3798 7767 25829 5816 698 17519 3987 22797 10460 28138 5569 15338 10327 24199 16640 25637 19959 15858 12320 29668 30621 26006 15791 26381 20197 16562 12220 5118 5895 29359 5344 9343 4603 14257 29312 6900 16609 13164 10316 14296 927 8761 11531 21350 23500 8296 2203 32665 22221 31704 12083 1623 25405
1 1 0 0 0 1 0 1 0 0 1 1 1 0 0 1 1 1 1 1 1 1 1 1 0 0 0 1 0 0 1 1 1 0 1 1 1 1 0 0 1 0 0 0 0 1 1 1 0 0 0 0 0 1 1 1 1 0 1 1 0 1 0 1 0 0 0 1 1 1 1 1 1 1 1 0 1 1 0 0 0 1 0 1 1 0 1 1 1 0 1 0 0 1 1 1 0 1 0
2 4709
3453 27181
1 1
71 1396
3558 3987 4082 15183 15803 19230 15984 17854 12534 15637 31697 28935 11540 22033 29467 1451 15331 3768 14382 3736 10470 32655 20555 20384 28153 11024 9170 42 21304 11773 15696 7719 17950 18931 31160 27976 11242 32322 3569 30318 13127 8956 1425 7011 26923 14924 7913 4807 5376 27657 10305 24653 8194 24459 16996 7463 3048 26558 11360 9406 15558 13684 31879 31143 6706 1024 27321 30418 19366 29696 4070
0 0 1 1 0 0 0 0 1 0 0 1 0 0 0 1 0 1 1 0 0 1 1 0 1 1 0 1 1 1 1 1 1 0 0 0 0 1 0 0 1 0 1 0 0 1 1 1 1 1 0 0 1 1 0 0 1 0 0 1 1 0 0 0 0 0 1 1 1 1 0
101 4413
21622 15137 22671 9385 18715 8113 30110 13943 31997 23398 682 31765 24096 14665 8036 21502 22629 8129 23145 3304 20469 12643 7879 11582 6882 28683 6845 20176 15884 5676 963 25290 28994 6756 23498 29154 11946 4436 7109 11478 20835 25006 26472 24854 1896 32399 11824 9661 6840 7184 23971 21702 21940 4632 2265 9341 1736 24948 10555 30003 26445 3881 23691 10038 27054 18952 17445 3329 13002 3716 27012 19887 17050 15553 19463 19382 4116 21741 31733 25553 7247 19923 26304 6206 16615 14765 14470 31786 15779 11578 30429 29546 18773 7441 14544 6763 10754 9525 8229 27244 6211
0 1 1 0 1 0 1 1 1 1 0 1 0 1 0 1 0 0 0 1 1 1 0 1 0 0 1 1 1 1 1 0 1 0 1 1 0 1 1 1 0 1 0 1 1 0 0 0 1 1 1 0 1 0 0 1 0 0 0 1 1 0 0 1 0 0 0 0 1 1 0 1 0 1 0 0 0 1 0 0 1 0 1 1 1 1 1 1 1 1 1 0 1 1 1 0 0 0 1 1 1
55 22155
29759 17007 28009 18825 1265 28302 31912 22071 20454 23028 30700 17739 5194 15143 8049 27297 22746 14087 6506 21807 11264 12381 21318 15163 12095 13751 2098 30411 29138 372 4319 9822 24208 16411 24709 17881 16659 4337 21288 21444 9753 29898 12570 22198 6954 7967 3009 22286 4476 23905 22426 8420 26643 2189 26494
1 1 0 1 0 1 1 1 1 0 1 1 1 0 0 1 1 1 0 0 1 0 0 0 0 0 0 0 1 1 0 1 0 1 1 1 1 1 1 0 0 1 1 0 1 0 0 1 0 0 1 0 0 1 1
42 18458
23276 16208 15113 3807 14665 6014 14073 29416 21993 30380 19583 8802 23446 31889 31818 15313 19734 17898 16625 7426 26704 21267 11061 7745 17585 15572 4999 3533 12494 11133 1226 32649 4939 17461 17497 17652 21243 143 6988 8539 2632 9310
0 1 1 0 1 1 0 1 0 1 1 0 1 0 1 1 1 0 1 0 1 0 1 0 1 1 0 0 0 1 0 1 0 0 0 0 1 1 0 0 0 0
44 17888
26202 9773 9444 18525 12424 11250 23267 29615 23776 22848 1084 2849 26193 11991 2551 20907 18885 9354 30962 963 26790 4523 6274 9077 29856 31172 21597 19126 18601 4487 32184 30710 21311 4104 10156 2292 30193 8234 8926 22486 32289 1623 23647 11897
1 0 0 1 0 0 1 1 1 0 1 0 0 1 0 0 0 1 0 1 0 0 0 0 1 1 0 1 0 1 0 1 0 1 0 0 0 0 1 1 0 0 1 0
71 27955
8547 423 3541 14349 3085 6983 602 11154 32388 7183 14782 4460 32030 4872 29369 10760 4322 17971 30743 32400 8612 13341 27649 3866 15218 21428 22654 12575 17199 1625 10554 12846 24190 28726 29317 4833 4834 10962 10654 28177 24611 1506 12850 24646 23027 19043 25888 881 1233 13285 29823 21214 31278 5162 20706 2916 6094 21743 29658 23519 15986 19466 13245 31200 25524 5557 1190 28322 31538 26922 19133
1 1 1 0 1 0 1 0 0 0 0 1 1 0 0 0 0 0 1 1 0 1 0 0 1 1 1 0 0 1 1 0 0 0 1 0 1 0 1 1 0 1 0 1 0 1 0 0 0 0 0 0 0 1 0 0 1 1 1 0 1 1 0 1 0 1 0 1 1 0 1
42 13007
14520 12338 7574 19367 18856 13875 32602 28736 3688 8083 11931 27035 12612 7548 18346 4943 19910 4704 17410 24189 14297 19597 6792 261 15918 20225 13585 9466 27615 7295 24357 11348 3411 14562 4611 23781 31841 21682 16868 2191 30648 22261
1 0 1 0 0 1 0 0 1 1 0 0 1 0 0 1 0 0 0 1 0 1 1 1 0 0 0 0 0 1 1 1 0 1 0 0 1 0 0 1 1 0
49 31573
7867 14022 31201 6409 9109 10137 23944 12020 30065 29800 14380 17174 5924 5705 23002 29529 17595 22434 10161 873 6661 28826 5775 31941 594 18381 14570 5399 21881 11076 25595 20161 17952 5540 12322 1976 1335 21413 22662 27285 16070 7622 15868 30185 21481 31296 4394 3537 30232
1 1 0 1 1 1 1 0 1 0 0 1 0 1 1 0 0 0 1 0 1 0 1 0 1 0 1 0 1 0 1 1 1 1 0 0 0 0 1 1 1 0 1 1 1 0 0 1 0
23 23730
4199 18368 7994 362 15732 19508 22342 20554 5634 29756 18009 22740 22877 30850 7874 12073 2545 21843 8426 12830 27404 24915 10039
0 0 1 0 1 1 1 0 0 0 0 1 1 1 1 1 1 0 1 1 1 0 0
76 13684
7326 1696 17159 21440 28731 3460 368 5764 18475 22081 8654 235 29882 8838 1893 12338 2307 14484 8389 21689 16308 17647 4780 16730 7441 1113 2600 1273 29244 18944 31228 16988 9651 13815 18245 14909 25882 12259 10589 15262 9275 31223 16640 28253 3403 28706 10925 11272 18030 18310 4175 23282 12414 25133 32285 32647 776 2807 32447 30684 27032 11735 17074 5515 1591 24639 22253 2493 32049 19929 11973 22408 28188 23928 1294 16508
0 1 0 1 0 0 1 1 0 0 0 0 0 1 1 1 0 0 0 1 1 1 0 0 0 0 0 1 1 1 1 0 1 0 0 1 0 1 1 0 0 0 1 1 0 1 1 0 1 1 0 1 0 0 0 1 0 0 1 1 1 0 0 0 1 1 1 0 1 0 0 1 0 1 0 0
3 25587
18083 26026 5572
1 0 1
19 15830
4913 21468 10265 8022 31148 5811 14071 15829 18735 627 21283 73 7456 5106 22765 6494 18131 23370 19410
1 1 0 0 1 0 0 1 0 1 0 1 0 1 1 1 0 0 0
14 2967
8060 10964 6695 9418 5369 1624 21992 32735 27890 1540 30298 7527 1 20765
0 0 0 0 1 0 0 0 1 1 1 1 0 0
86 22587
12764 17069 15885 28073 14350 20964 19270 13472 14720 25550 1800 4125 20742 7296 26467 14072 20204 27816 13725 15220 29240 30146 12688 12565 18224 32399 1101 25777 20252 3011 17925 23242 21837 28926 6954 2075 5470 28158 11473 30833 5818 11283 91 22460 24926 12243 29268 4454 28641 4878 22683 31203 689 6917 4035 13962 14495 32470 30650 22435 4254 29243 9128 22721 14535 18548 16666 31570 20129 17282 31328 12148 29856 25494 22579 32522 24811 19145 26268 12047 18786 2317 8465 2859 20704 25700
1 1 0 1 0 0 1 1 1 0 0 1 0 0 1 0 1 1 0 1 1 0 1 0 1 0 1 1 1 0 0 1 0 0 0 0 0 1 1 1 0 0 1 0 0 1 1 0 0 1 0 0 0 1 1 0 0 0 1 1 0 1 0 1 1 1 1 1 1 0 1 0 0 1 1 0 0 0 1 1 0 1 0 1 0 0
48 10126
24907 27137 32136 2987 21008 2982 23299 20800 30587 2086 12677 13048 18144 20371 167 657 6481 11207 11181 5077 15043 8953 8644 21452 29805 26767 23432 24624 5745 20531 20937 13089 17598 30505 20879 14106 2869 6112 20827 22308 32011 15303 11184 24393 25454 16225 25298 16716
0 1 1 0 0 0 1 0 1 1 1 0 0 1 1 0 1 0 0 0 1 0 1 1 0 0 0 0 1 1 1 1 0 1 1 0 1 0 0 0 1 1 1 0 0 0 1 0
18 4524
32709 26433 11878 26462 15279 450 25701 25625 23446 2306 7687 15430 27154 9671 18254 14580 9411 5312
1 0 1 1 0 1 0 1 1 0 0 0 1 1 1 1 1 0
71 13133
24511 19483 30559 5178 21155 17836 23094 10839 19624 14791 4520 6646 18473 17258 28300 19239 15687 10563 20389 18730 21388 22726 108 13866 22222 6012 29968 10024 29526 24222 1980 31797 32066 5346 6936 2276 18216 6805 17938 8447 19452 23530 27870 23929 12340 23954 27451 11684 24105 30604 13305 2212 16833 12863 2488 21284 26443 31174 13554 19783 426 7051 23356 7393 7094 16919 23496 18408 30943 25384 21807
0 1 1 0 0 0 1 0 1 0 0 1 1 1 1 1 1 0 0 0 0 1 1 1 0 0 0 1 1 1 1 1 0 1 1 1 1 0 0 1 1 0 0 1 1 0 1 1 1 0 1 0 1 0 1 1 1 1 0 0 0 0 1 0 0 0 1 1 0 1 1
65 17298
1774 23441 4855 22662 24963 8897 20180 11747 3787 14856 13799 21302 27509 10597 5633 28054 7303 1239 27125 10271 3583 113 27991 2211 17594 2737 7555 31899 1942 24846 19425 12900 9172 21200 9576 4776 20672 9764 21345 28186 30355 21360 6510 13158 23704 2788 5322 16743 654 14418 210 10651 10574 31039 9413 30421 20141 14650 20168 19506 8356 26732 45 28750 11182
0 1 1 1 1 1 0 1 0 1 1 0 0 1 1 1 1 0 1 1 0 0 0 0 1 1 0 1 0 1 1 1 0 1 1 1 1 1 0 1 1 1 1 1 1 0 0 0 1 0 1 1 1 1 1 0 1 0 1 0 0 1 0 1 0
96 18498
4696 14373 7938 29774 24244 2253 5650 13638 1424 16949 7724 17737 3288 30116 23111 30460 2547 31479 15009 21047 7078 4849 26045 26879 15157 979 12972 30901 10443 25644 6285 11148 30491 2035 14160 3649 31304 17363 23999 3590 7682 31430 12478 4799 26355 10725 22481 2416 9049 26239 21216 29430 3828 616 23863 19190 28194 19091 465 23316 25673 5091 17622 20069 2421 2623 1634 6438 834 30181 648 2222 9469 27392 4759 4001 23302 6012 5019 8807 25976 8985 5671 14300 9740 21950 15186 16969 1339 30737 25344 13460 12963 8772 3939 26547
1 0 0 1 0 1 0 1 0 1 1 1 1 1 0 0 1 1 0 0 1 1 0 0 1 1 0 0 0 1 0 1 0 0 1 1 0 0 0 1 1 0 0 0 0 1 0 1 0 0 0 0 1 1 1 1 0 0 1 0 0 1 1 1 1 1 0 0 1 0 1 1 1 0 0 0 1 1 0 1 0 0 1 0 0 0 0 0 0 1 1 1 1 0 0 0
10 9089
8439 32346 31951 13759 17779 8319 980 925 12633 24973
0 0 0 0 1 1 1 0 0 1
17 14158
1270 1155 8898 11774 25678 23430 215 9129 10196 9886 21718 9495 21380 6882 31815 25415 14253
1 0 0 1 1 0 1 1 0 1 1 1 1 1 1 1 0
90 14139
23729 16398 19500 12510 9368 27945 19627 21815 3663 21249 15464 872 26558 1519 9263 4002 10402 458 10057 2968 26931 22013 20291 29492 11268 22492 17649 4489 32554 20280 6833 12810 14496 20784 3060 29177 20970 15691 22011 17954 9977 4292 3551 2248 7247 1061 6100 9184 28771 10007 9134 11133 15431 28281 21157 31884 26504 26799 27221 13249 4950 3133 14601 4305 16612 21652 3896 6626 14098 8491 29264 4927 27466 2770 27827 8017 29095 9028 7935 6859 14429 21243 30355 2340 4693 18760 11599 9546 21783 12962
1 0 0 0 1 0 0 0 1 0 1 0 0 1 0 1 1 0 1 0 0 0 0 1 0 0 1 0 0 1 0 0 0 1 0 0 1 0 0 1 1 1 0 1 0 1 1 0 0 1 1 1 0 1 0 1 1 1 1 0 1 1 1 0 1 1 1 1 1 1 1 1 1 0 0 1 0 1 0 1 0 0 1 1 0 1 0 1 0 0
54 7476
26703 15872 25557 22984 27907 4552 3851 32703 12956 4041 18662 21970 18361 9138 18348 3391 23663 12758 16561 7967 31304 32548 120 5107 32139 21849 19996 27008 13246 14196 7662 2781 17258 14954 22368 3786 16670 22044 12834 12355 5558 17030 28298 13653 6621 13625 27961 14385 2769 4875 27132 1663 15463 27149
1 1 1 0 1 0 0 0 0 1 0 1 0 1 1 1 1 1 0 1 0 1 0 1 1 0 1 0 0 1 1 1 1 1 0 1 1 1 1 1 1 1 0 0 0 0 1 1 0 0 0 0 0 1
29 11241
25133 8775 30139 19143 32094 12441 21844 3471 3215 1960 8319 8261 18440 2478 20320 32270 21417 19223 25726 8165 720 22235 28615 912 4989 3338 17108 7890 9396
0 0 0 0 1 1 0 0 1 1 1 1 0 1 1 1 1 0 0 0 0 1 1 1 1 0 1 0 1
5 4515
11036 10722 17776 32466 29559
1 1 1 0 1
11 22193
6989 28927 10184 13441 12553 29067 29477 13479 11811 5336 32679
1 1 0 1 1 0 0 1 0 1 0
94 2720
18290 27714 12398 16067 27432 26620 4839 30626 31724 28363 4459 2182 21555 13406 1979 14778 18539 29561 23900 19775 26850 14408 30363 15296 6883 9459 14031 15816 19746 25714 30686 30003 19289 16291 6914 19171 30004 2201 5837 21684 23659 20535 9835 22449 3629 6654 32296 14984 3013 548 10545 31803 13944 2534 29855 793 12972 32287 2993 22509 1616 11288 10585 8565 30327 22690 763 29717 26694 11618 20593 18893 18705 4205 5458 13929 16833 6677 3956 11255 14713 7426 28335 25470 27513 29828 14820 15853 5186 3367 1342 12626 31226 23432
1 1 0 1 1 0 1 0 1 1 0 1 0 0 0 1 1 0 1 1 0 1 1 0 0 1 0 1 1 1 1 1 0 1 1 1 0 1 1 0 1 1 0 0 0 0 1 0 1 0 0 1 1 1 0 1 0 1 1 1 1 0 0 0 1 1 0 0 0 1 0 1 1 0 0 1 0 1 1 1 0 1 0 1 1 1 1 1 1 0 0 1 1 1
21 21793
22137 2408 14504 19441 872 19391 7797 31578 7429 10403 9945 12343 4749 4330 935 2084 12798 26154 28009 401 18393
1 1 1 0 0 0 1 1 0 1 0 0 1 0 0 0 1 0 1 0 0
35 19887
6379 7035 23790 7006 32031 20572 15894 3012 13977 12592 27671 10122 11307 18192 21238 21686 28051 23892 24825 6015 16637 26886 8276 21855 10697 1174 5124 20075 19599 21454 23548 16608 21600 25609 25727
1 0 1 0 0 1 1 0 0 1 0 1 1 1 0 0 1 1 1 1 0 1 1 0 0 1 1 0 0 0 1 1 0 0 1
74 13240
5160 3130 9166 14823 3215 4974 2370 13218 20315 12372 8941 13507 974 1212 1206 21929 9371 5401 912 12426 22510 20602 28062 18698 2221 21692 3482 4621 9469 17150 32119 1482 9737 14422 3141 1058 17663 16066 15190 27439 346 19042 5791 7711 23655 5860 27744 28227 28162 31039 10248 6755 13985 31140 21587 22613 21141 18865 2229 7373 29324 27369 17915 5495 15705 6497 1584 2371 32504 20155 957 4865 18636 29016
0 0 1 1 1 1 1 1 1 1 1 1 0 0 0 1 1 0 0 0 0 1 1 0 0 0 1 1 0 0 0 1 1 0 1 1 1 0 1 0 1 1 1 1 0 0 0 0 0 1 1 0 1 1 0 0 1 1 1 1 1 0 0 0 1 1 0 0 0 0 0 1 1 0
13 15186
12128 9447 6578 7136 4506 8655 10866 31860 15266 13228 27453 25643 24175
1 0 0 0 1 1 0 1 1 1 0 0 1
12 22343
5147 27563 2629 4172 9124 22659 4003 16825 23304 7830 2797 12438
0 0 0 1 0 1 1 1 1 1 0 1
43 21108
28816 2287 17578 11297 27192 17708 23701 9661 17291 18430 1023 2840 16106 6352 30975 25858 14520 32266 5538 23901 19225 8656 12757 10614 24313 28397 23685 28309 20049 14858 12292 21714 31653 2852 17839 15403 722 6973 3278 18388 26374 23121 2235
1 1 0 0 0 1 0 0 0 0 1 1 0 1 1 0 0 1 0 0 0 1 0 0 0 0 1 0 1 0 0 0 1 1 1 0 1 0 1 1 0 1 1
87 3491
29293 10396 14174 6747 6667 23990 21623 19738 9706 1791 17954 12994 15161 4479 28572 25259 4285 8822 17522 6203 29206 7570 1512 2743 2116 23396 28572 30552 2921 9237 5991 4514 16848 16981 1156 19953 28719 17045 16884 14933 7977 12918 28704 22943 23063 29825 6593 13500 19208 31768 20477 5698 22534 1452 20946 9289 9628 7985 17080 19580 8853 5327 13442 13936 261 5595 2182 12340 16526 9733 27645 18729 11740 11987 29613 3859 31602 17742 6853 8561 22441 30715 10504 3850 9205 14604 17453
0 0 1 1 1 1 0 0 0 1 1 1 0 0 0 1 1 1 1 0 1 0 1 0 0 0 0 1 0 0 0 0 1 0 0 1 0 1 0 1 1 0 1 0 1 1 0 0 0 0 1 1 0 1 0 0 0 1 1 0 1 1 0 1 0 0 1 1 0 0 0 1 1 1 1 0 0 1 0 0 1 0 0 1 0 0 0
22 15860
2011 9267 1015 7541 24840 30426 8627 29289 2548 28153 10987 15941 22037 18367 31581 27363 20647 18441 22212 16156 12016 29073
0 1 0 1 0 0 0 1 0 0 0 0 0 0 1 1 0 0 0 1 0 0
23 24965
3734 22934 11626 20771 3913 1045 22122 20975 14789 7492 25394 15318 32657 9378 6423 13164 21823 21893 15076 20960 2707 11954 16926
1 1 0 0 0 1 1 0 1 0 0 0 0 1 0 0 1 0 0 0 0 1 0
13 643
15587 27095 15916 8523 17029 32325 12075 26806 11600 18948 14800 18532 13233
1 0 0 1 1 0 0 1 0 0 0 0 1
92 23206
5029 27351 17188 13117 32735 27493 31746 14926 12783 27313 31726 1625 6817 14691 10178 9313 8252 15542 18331 5280 30820 28878 20445 32633 22847 25933 15223 13998 17879 26657 23400 22227 31167 21151 16258 7427 14330 11478 7277 17617 280 6941 21232 641 29858 18927 31852 28025 25016 19449 8361 28402 19193 7792 30933 2291 24995 18344 25546 2432 15355 17379 28560 32271 19184 13415 7203 31547 21243 1235 15222 3260 27721 31410 4791 24983 19996 25425 8405 2194 26991 21454 11840 20715 5849 12146 2544 9033 23475 26688 6056 26355
0 1 1 1 1 1 0 0 0 0 1 0 1 1 0 0 0 1 0 0 0 1 0 0 0 0 0 1 0 0 1 0 1 0 0 0 1 1 0 0 1 0 0 0 0 1 1 0 0 0 0 0 0 1 1 1 1 0 1 1 0 0 0 1 0 1 0 0 1 0 0 0 1 1 0 1 1 1 1 0 1 1 1 1 0 0 0 1 1 1 1 1
51 16132
14799 15138 21503 7450 2083 12200 3116 5780 3059 20667 11172 5977 13917 27801 8956 31676 10293 16207 8797 18000 24722 30508 23594 26621 13453 23925 23267 20051 29765 30554 28234 11295 24871 13097 29636 12348 22892 30146 32257 7852 23778 7243 8159 32743 20208 17957 24204 23155 6612 31518 3819
0 1 1 1 0 0 1 0 0 1 0 0 1 1 1 0 1 1 1 0 0 1 1 1 1 1 1 1 1 1 1 0 0 0 0 0 1 0 0 1 0 1 0 1 1 1 0 1 0 1 1
51 21968
21669 20860 20194 6943 18566 11180 6940 12629 29566 18235 17226 22393 30529 25245 24926 32715 31974 17183 9157 25616 18411 3030 6287 13354 31354 213 13263 4843 28394 2723 5445 21803 19081 3565 20794 14104 11673 27511 16556 31694 9368 15448 7339 11048 16069 7783 26883 25045 28127 9457 29211
1 1 0 0 1 1 0 0 0 0 0 1 0 0 0 0 0 0 0 0 1 0 0 0 1 0 0 1 0 1 0 1 0 1 0 1 1 0 0 1 0 1 0 1 1 1 1 1 0 0 0
96 23195
3071 28348 28599 1893 28138 31073 730 26624 25674 6889 10376 3944 32509 2382 19998 18326 27114 25451 28510 21584 29831 10859 31253 22597 12959 28546 5370 4185 6738 2523 19930 22846 17245 26833 29426 13124 11163 22113 7069 14450 9420 15839 9263 14549 20374 19177 8480 28952 18377 29850 3437 3925 26087 18687 14395 31275 14820 3279 13757 3601 9002 854 22361 17641 10720 29363 28422 31705 32108 14403 25081 19286 15414 349 20096 9601 26799 31808 18734 11959 12179 5449 30008 1123 25451 5226 31775 26135 20821 11991 10383 29916 21255 24834 10376 31942
1 1 0 0 1 0 0 1 0 1 1 0 0 0 0 1 0 1 1 0 0 1 0 1 0 1 1 1 1 1 1 1 1 1 0 1 0 1 1 1 1 1 0 1 0 1 0 0 0 1 0 0 0 1 1 1 0 0 0 1 1 1 1 1 1 1 0 1 1 1 1 0 0 0 0 0 0 0 1 0 0 0 0 1 0 1 1 1 0 1 1 1 1 1 0 1
54 31838
19310 8802 24200 32448 6411 11904 403 19642 25106 12750 30404 8468 13691 368 30848 24371 29030 10780 11129 30863 25273 8490 23414 18023 2059 3051 30035 11187 31681 4412 25160 4954 18806 26971 10350 7845 12961 8185 29822 6131 9841 15504 28892 32175 28924 17654 3541 14720 26009 20019 7973 22463 2186 3984
0 1 0 1 0 0 1 0 0 1 0 0 1 0 1 1 1 1 1 0 1 1 0 0 0 1 0 1 0 1 0 0 1 0 0 1 1 0 1 0 0 1 0 1 1 1 1 1 0 0 0 1 0 1
34 27215
4183 20053 30222 17396 3199 22490 5054 8038 13032 14246 907 2476 4427 26135 14250 23099 22303 29530 25571 2245 9241 11230 24635 5459 8180 24841 7889 13971 16238 10793 14598 17011 23187 12717
1 1 0 0 0 1 1 0 0 1 0 1 0 1 0 1 0 1 1 0 1 1 0 1 0 0 0 0 1 0 0 1 0 0
32 19534
29417 8278 22724 16395 8306 9399 12008 29960 14204 10453 1310 4087 15939 32008 302 6922 25470 27964 30502 12970 18497 29507 8794 27244 8482 25456 28586 32321 29339 18273 15619 9197
0 1 0 1 1 1 0 0 0 0 0 0 1 1 0 0 1 1 1 1 0 0 0 1 1 0 0 1 0 1 0 0
48 13216
145 6044 20693 592 3547 9465 9549 14961 17174 29096 27237 6401 4128 31134 2440 2511 31066 6216 30397 24018 17580 4479 26061 15294 30666 9913 23208 32473 2998 3196 6405 30731 31111 21529 14153 17717 1128 7574 22698 12996 25827 9708 21140 23430 14688 1395 16715 31420
1 1 0 1 0 0 0 0 1 1 1 1 0 0 1 0 1 0 0 0 0 0 1 1 0 0 0 0 0 1 0 1 0 1 0 1 0 0 1 1 1 0 0 1 0 1 1 0
19 24452
28060 11388 29651 5024 3506 8764 28361 29523 19731 22505 17557 5819 22712 9894 2454 8522 25751 22436 29457
0 0 0 1 1 1 1 1 0 0 1 1 1 1 1 1 0 1 0
71 4422
4340 15638 25755 8702 26353 5620 28613 19577 23509 20873 2176 20758 19922 14163 29223 22613 11197 477 10212 12357 3254 10202 20854 32315 27403 15216 30002 14537 1626 21462 2888 32238 12534 13601 22088 6539 3212 10843 9445 20502 31239 17878 24824 16786 16560 31679 4040 30911 12442 19190 10120 31374 17469 26653 24097 27095 1377 7920 21810 4942 14654 24020 18261 30132 6113 8114 6821 6730 4817 10245 31869
0 0 1 1 1 0 0 0 1 1 0 0 0 1 1 1 0 0 0 0 0 0 1 0 1 1 1 1 0 1 1 0 0 1 1 1 0 0 1 1 1 0 0 0 1 1 0 1 0 0 0 1 0 1 0 1 0 1 1 0 0 1 0 0 1 0 1 1 0 0 1
61 24707
32030 30715 3783 2030 10436 4753 23723 25231 29755 9572 11986 3454 19335 25201 19730 22466 3557 1813 11814 4292 29290 15907 8550 6916 8168 26677 17878 5899 31761 15935 29282 15009 30175 618 29544 10303 20275 13087 16759 23239 10684 29793 5463 31091 23322 9057 32073 10251 19523 18508 22415 10076 26662 23144 22063 23013 23951 2655 28661 211 14411
0 0 1 1 1 1 0 0 1 0 0 0 0 0 1 0 0 0 1 1 0 1 0 1 0 0 0 0 0 0 0 1 1 1 1 1 0 1 1 1 0 1 0 1 1 0 1 0 0 1 1 0 0 0 0 1 1 0 1 1 0
79 16648
6034 23895 1615 22849 205 19249 607 19832 16176 16945 32037 23315 17623 11536 13126 5555 14897 10388 19522 19814 7010 15203 760 9503 17637 16405 14189 28003 13174 13708 19913 5956 31535 27016 32418 21395 14833 12662 31869 12882 2309 9609 4754 22120 12803 4620 8400 4504 10995 4855 6433 31924 7603 3520 25071 24590 32409 32115 16871 48 30296 17669 14589 8909 9000 31718 27312 24567 29985 26837 32143 5009 10728 7928 5116 776 11150 28972 16944
1 0 1 0 0 0 0 0 1 1 0 1 1 1 0 1 0 0 1 1 0 0 0 1 0 0 1 1 0 1 0 0 1 0 0 0 0 0 0 0 1 1 1 0 1 1 0 0 1 0 1 1 1 0 1 1 0 1 1 1 0 0 1 0 0 1 0 1 1 0 0 1 1 0 0 1 1 0 0
42 15423
20490 18330 22151 23959 11984 16923 1224 21189 17333 18780 13170 14010 4152 8688 31135 21951 15050 30358 15583 3502 15919 23052 31684 32354 10280 6952 8612 7788 11087 7972 18330 2055 2114 13882 1742 4687 4611 7792 16374 2733 20895 10422
0 1 1 1 0 0 0 0 1 0 0 0 0 1 1 0 1 1 0 0 1 1 1 1 0 0 1 0 1 0 0 0 1 0 0 0 1 0 1 1 0 0
28 23524
29466 21960 19898 31521 5028 1700 23547 25889 12704 18941 9798 1151 9995 1137 26385 12520 6062 2607 8989 6188 1512 28847 1111 15764 9389 10401 23549 887
0 0 0 1 1 1 1 1 0 0 0 0 0 1 0 1 0 1 1 1 0 1 0 0 0 1 1 0
43 16359
7325 6205 2689 29945 24505 5938 26382 15447 14036 15749 22373 3737 28274 17084 7628 10883 31129 32727 22801 30263 7731 31269 13331 170 16563 4188 11907 14165 4859 32233 25324 9261 10877 10373 28145 18388 16801 27657 23255 25617 10343 22659 14659
1 1 0 1 1 1 0 0 1 1 1 1 1 1 1 1 1 0 0 1 0 1 0 1 0 0 1 0 0 0 0 1 1 0 0 0 0 0 1 1 1 0 0
18 30045
5280 21127 12849 16839 22331 6764 5536 10073 13086 11317 3629 22842 23333 19040 814 21748 31748 16094
1 0 1 0 0 0 1 1 0 0 1 0 0 0 0 1 1 1
37 16483
6971 18959 25197 16878 9224 19605 13391 12080 26061 21484 31901 28300 17708 10935 12738 22989 15763 1088 2349 8892 889 9649 19375 26099 7140 12168 18724 24556 3375 6981 12117 30813 3338 16741 18461 6088 20418
1 0 0 0 0 1 1 0 1 1 1 1 0 0 0 0 0 1 1 0 1 0 1 1 1 0 0 0 1 0 1 1 0 1 0 1 0
18 32686
1969 30048 16156 32195 12719 15350 2542 31947 25691 10725 28298 771 30673 13931 18559 31179 31678 3855
0 0 0 1 1 0 1 0 0 0 1 1 0 0 1 0 1 0
99 19380
1288 30341 30739 9736 9786 24993 11492 32358 11505 16716 18609 14293 8804 8946 26632 28217 7739 15784 11125 11906 28147 3079 14848 32547 19331 14395 19704 19653 26432 3671 10479 3901 18686 26859 10246 15036 19576 19417 14699 20806 15602 8548 31263 10342 21532 19850 19197 14111 8250 2964 2040 37 5506 18923 17572 27726 20165 30765 12792 10563 16722 31616 4434 24699 26648 15655 22715 23146 10762 1875 27756 25077 32712 9275 4498 31786 7291 29550 32335 18478 7680 26984 11009 7030 2122 11620 18630 11834 4097 18802 320 27687 30831 8393 25493 15701 2205 8286 8890
1 0 1 1 1 0 1 0 0 0 1 1 1 0 0 1 1 1 0 1 0 0 0 1 0 0 1 1 1 0 0 1 1 0 1 1 0 0 1 0 0 0 0 0 0 0 0 1 0 1 1 0 1 1 0 0 0 1 1 1 1 1 0 1 1 1 0 1 1 1 1 1 1 1 1 1 1 0 0 1 0 1 1 1 0 1 1 0 0 1 1 1 1 0 0 1 1 1 1
70 29917
21786 8743 9769 31576 12314 11539 31708 14361 23689 10992 30469 28061 14145 22593 10473 21411 5715 31455 10195 12256 20208 24649 25617 26356 21130 5691 20031 6557 10038 4482 13000 8746 16213 14094 28329 1587 29811 31561 24952 12424 10607 2983 16549 1895 22492 13950 12289 13042 3240 1305 17276 10207 6139 15368 20019 19058 29794 13753 8874 15784 10541 19277 10325 12982 11286 16292 27230 19633 1571 24762
1 0 0 0 0 1 0 0 0 0 0 0 1 1 1 1 1 1 0 1 0 0 0 0 1 0 1 1 0 0 0 0 0 1 1 0 1 0 1 0 0 1 0 1 1 1 1 1 0 1 0 1 1 0 1 0 0 1 0 0 1 0 1 1 1 0 0 1 1 1
2 20727
17282 23980
1 0
16 6793
13470 26177 13601 13012 31155 10336 2280 32338 768 2151 14163 16604 9803 24845 23558 25615
1 1 0 1 1 1 1 1 1 0 1 0 1 0 1 0
30 20014
953 19954 17835 22145 2668 4114 23770 22408 5598 7023 9715 24045 29660 27433 16869 4084 22127 15035 18833 268 10520 5678 27948 25508 19290 14989 8932 3391 21625 23192
1 0 1 1 0 1 0 0 0 0 1 0 0 1 1 0 0 0 0 0 1 1 0 0 1 1 0 1 1 1
93 12474
6378 8895 10628 9755 17558 6032 4556 3661 18717 29151 28022 21712 7509 24889 12709 20167 25632 22022 16885 29426 5266 6426 31164 19932 27990 390 23183 1622 14157 15540 1032 1571 7033 23731 22727 6901 4122 8399 29879 9113 8470 11365 22674 7534 6046 8181 28328 9755 17679 18553 19676 17793 29974 22773 22511 5103 19224 25168 11265 4245 3793 32098 28244 15420 11323 23374 27732 19508 27313 12306 11220 2445 8020 11100 20635 12426 24238 29600 31519 25682 29077 22375 1168 2793 4434 10474 15384 9567 12035 30687 2402 30791 19006
0 0 0 0 0 1 1 1 0 1 1 1 0 1 0 0 0 1 1 1 0 1 1 1 1 1 1 0 1 1 0 0 1 0 0 0 0 0 0 0 1 1 0 1 1 0 0 1 1 1 0 1 1 0 1 1 1 1 1 1 1 0 0 1 1 1 0 0 0 1 0 0 1 1 1 1 1 0 0 0 1 0 0 1 1 0 1 0 1 0 0 0 1
25 23833
7377 8388 9224 9107 9438 3431 2564 16182 30068 3180 10465 17433 8859 12489 6797 11269 10309 2747 25127 4652 1842 24851 4102 22295 10513
1 1 0 1 0 1 0 0 0 0 0 1 1 0 0 1 0 1 1 0 0 1 0 1 1
37 8682
8290 1603 28725 24911 15388 12440 22255 24890 28759 1846 19300 9255 10988 8357 10707 30186 9904 12656 25955 2720 24220 17092 13413 2533 15403 14137 20954 23111 1284 4592 30773 16635 19417 13278 31074 10703 26767
0 1 1 0 0 0 0 1 0 1 0 1 0 0 1 1 0 0 1 0 1 0 0 1 1 1 0 0 0 0 0 1 1 1 0 1 0
58 2749
19310 5711 18240 5724 32558 3704 24264 8441 30707 13710 9107 22965 6319 20944 13748 18401 21690 11583 2804 20151 29884 22264 31442 6471 8908 3776 19400 691 473 3809 9680 20127 21577 10293 3623 17892 30177 25728 20561 2948 11493 8962 30813 15843 5760 25421 17002 14388 12901 12885 9066 2097 20919 28102 20262 27663 27943 20890
0 0 1 1 0 1 0 1 1 0 0 0 0 0 1 0 1 1 1 1 1 1 0 0 1 1 0 0 1 0 0 1 0 0 0 0 0 1 1 0 1 0 0 0 1 0 0 1 1 1 1 0 1 1 1 0 0 0
27 5933
27438 831 18875 10606 4946 4955 4115 16805 6958 21378 27816 26628 14846 28310 11563 2179 27810 27518 1072 30074 15850 25699 13200 30831 25616 15903 13835
1 1 1 1 0 1 0 0 0 1 0 1 0 0 0 0 0 1 1 0 0 1 0 0 1 0 0
17 14307
4068 22041 3518 10540 11325 3497 10617 22018 20460 9552 22190 32037 11387 32505 19437 9719 27287
1 0 0 1 0 1 1 0 1 0 0 0 1 0 1 1 1
8 1098
2521 8691 30534 5786 12835 11440 26752 14809
0 1 1 1 1 1 1 1
64 17911
10918 25395 18735 24068 10774 18787 14179 18012 6259 18263 9380 641 11406 13487 21985 8247 26467 20357 3487 8577 9793 5630 20285 17099 8235 24094 26493 29033 21119 8161 24128 1600 8405 9607 13713 6339 11306 5679 6629 32290 9534 3751 26529 18621 7738 15491 10717 23519 8086 12140 30312 26537 1082 21691 19212 24908 24803 20807 20499 19324 31433 11642 9225 25377
0 0 1 0 1 0 1 1 0 0 1 1 1 0 1 1 1 0 0 1 0 0 0 1 1 1 1 1 0 0 0 1 0 1 1 1 1 0 0 0 0 0 1 0 1 0 0 1 0 0 0 1 0 0 1 0 1 1 0 0 0 1 0 1
63 513
10174 31082 31405 5950 5866 13432 28683 722 13165 31352 8114 29220 24796 7481 24200 18327 5348 9539 5700 31766 653 24589 27344 16113 2752 7792 20210 18407 5640 14172 19500 3972 15253 8906 481 25005 22918 16625 8120 32377 616 8637 24390 15682 25593 24701 16615 26108 2866 26588 4076 13510 10629 12818 29180 15295 16228 22875 1460 5915 20482 3240 21649
1 0 0 1 0 1 1 0 0 0 1 0 1 0 1 1 0 1 1 1 1 0 1 1 0 1 1 0 0 0 1 0 0 0 0 0 0 1 1 0 0 0 0 1 0 0 1 1 0 1 0 1 0 1 0 0 0 1 0 1 1 1 0
4 3400
25826 3345 9858 1891
0 1 0 1
72 3152
2355 130 23836 6763 22811 10593 766 2182 11204 9656 20291 1311 8707 19996 18169 5273 13315 27158 17236 23529 8496 28793 174 913 5972 8691 7884 18130 21760 12771 30307 797 19246 29034 26586 23500 548 12485 1874 17935 17820 19162 18916 4393 23585 3856 6185 16092 19900 32100 27136 16417 32208 2234 20363 27165 7235 21360 2939 14161 12766 6713 8846 10513 19447 16681 1109 23863 2893 14092 12603 11288
0 1 0 0 0 0 0 0 0 0 1 0 0 0 1 0 0 1 0 0 0 0 1 1 0 1 0 0 1 0 1 0 1 0 0 0 0 1 1 1 0 1 0 1 0 0 1 0 0 1 1 1 0 0 1 0 1 1 1 0 1 0 0 1 0 0 0 0 1 1 0 1
26 4206
18469 19942 4577 29288 1756 13593 32389 8451 2999 10692 30485 4838 1427 9951 13300 25340 6016 10187 21839 14791 27846 31812 14152 24823 20007 6289
1 0 1 0 0 0 0 0 0 0 1 1 0 1 0 0 0 0 0 1 1 1 0 0 0 1
98 25437
6575 23723 13392 5187 9655 27555 16505 19923 17187 2122 4608 20495 4155 31965 6906 4678 32356 12086 15274 32323 28813 21921 29695 27588 6345 28140 20061 28718 22845 10941 26529 22142 11325 19240 14431 21379 22450 4225 877 19019 28607 18031 3494 13531 27812 4418 744 1314 22498 30343 11359 4656 21664 21465 23558 26020 1869 14330 12650 32099 8327 21026 7090 21904 3899 27542 15580 20152 7694 8061 4681 17484 32764 17647 1660 26453 4159 16208 20511 12643 18803 10460 16966 966 14327 2946 29176 18177 27542 7158 21740 7804 11367 11010 15760 1145 30449 16669
0 0 0 1 1 1 1 1 1 1 1 0 0 0 1 0 1 1 1 0 1 0 0 0 0 1 1 0 1 0 0 0 0 1 0 0 1 1 0 0 0 1 0 0 1 1 0 1 1 1 0 1 0 0 1 0 0 0 1 1 0 1 0 0 1 1 1 0 1 1 1 0 1 1 1 0 1 0 0 1 0 1 0 1 0 0 0 0 0 0 1 0 0 1 1 0 1 0
53 13747
9569 29144 2788 4506 24663 564 3659 304 24182 29293 2590 894 25723 28378 18854 1464 32146 7557 17430 9817 540 6622 31084 11893 31662 22704 5784 13643 2653 2131 9440 8731 12089 16676 18563 55 8215 6706 21148 22875 2196 30266 10826 2625 23638 7382 20750 17777 7829 29681 1652 14423 17114
1 1 0 0 0 0 0 1 1 0 1 1 1 0 1 0 0 0 1 1 0 1 1 0 1 1 1 0 0 1 1 1 0 0 0 0 0 1 1 0 0 0 1 0 1 0 1 0 1 1 1 1 1
23 26319
29115 20352 1156 23728 2037 24187 14042 11029 25293 6431 19879 6598 26553 22685 24743 14232 10249 28564 9294 8770 22893 20612 18025
0 1 0 0 1 0 0 0 1 0 0 1 1 0 0 1 1 0 0 0 1 1 0
100 1923
1615 9390 26425 15568 16851 18728 14591 15652 17961 31087 2192 25731 26646 15558 28529 6254 8425 27087 25101 21173 15874 10238 31576 20109 10641 9549 11187 3042 12448 21553 20240 7407 27220 17869 28246 29195 9327 29798 12295 6086 31002 4632 15392 6964 29154 12231 5952 2185 23552 20568 14605 14310 12765 15392 25043 23667 15829 10396 29551 2478 23099 2147 20844 8963 29342 5978 3179 27036 10827 30503 23752 7290 19475 28648 12410 24261 26447 10532 20539 22624 15905 28417 24554 17601 26876 22456 15917 25600 21350 23879 1882 557 30204 16230 16280 2279 29111 16827 26689 20266
0 0 0 0 0 0 1 0 0 0 1 1 1 1 0 0 1 0 1 0 0 1 1 1 1 1 1 1 0 1 1 1 0 1 1 1 0 0 1 1 0 1 0 1 0 0 0 0 0 0 0 0 1 0 0 0 1 1 0 1 1 1 1 1 0 1 0 1 1 1 0 1 1 1 0 0 0 1 1 1 1 1 1 0 1 0 1 1 1 1 0 1 1 1 1 0 0 0 1 0
94 21198
24945 26338 1520 4177 6526 10299 21419 1812 21916 20971 32440 18135 10204 10708 324 15775 28795 20558 30484 25007 12294 22975 8394 14260 17601 9836 11365 2368 5962 27790 26376 24441 31354 10409 15356 5651 17036 26649 9463 6779 22401 8685 28575 11093 18114 4601 31818 11305 6152 18983 23048 24921 27001 28174 25571 10327 5908 19654 17253 20 29006 19706 31835 30140 18173 24382 26073 18848 18038 27299 13438 24692 31218 26505 31225 21690 25399 7349 15820 15486 31348 12964 4944 30532 5228 4382 20730 6207 29654 15118 19676 16579 2564 7312
0 0 1 1 0 1 1 0 0 0 0 0 0 0 0 1 0 1 1 1 1 1 1 1 0 1 1 0 0 1 1 0 0 0 0 0 0 0 0 1 0 0 1 1 1 1 1 0 1 0 1 1 1 0 0 0 0 0 0 1 0 0 1 1 0 0 0 0 1 0 0 0 1 0 1 0 0 0 1 0 1 0 1 0 1 1 0 0 1 0 1 1 1 1
43 13282
20604 18124 13176 8913 2074 1007 31828 17067 18304 15903 25817 17177 6789 16746 31281 26791 12114 20448 20600 10266 21608 14223 4309 3075 6117 1201 13034 6292 27650 9251 25967 8627 29921 2585 27161 18253 25478 12561 26817 3053 547 1285 32194
0 1 0 0 1 1 1 1 1 0 1 0 1 0 1 0 1 1 1 1 1 1 1 1 1 0 1 1 0 0 1 1 1 1 1 1 0 1 0 0 1 1 1
18 8713
14112 30488 3945 31737 6961 15999 671 22868 9324 27698 5541 25387 30825 27888 10630 16493 1070 5180
1 0 1 0 0 0 0 1 1 1 1 0 0 0 0 0 1 1
9 28037
5650 26484 8866 29132 5663 30685 6640 894 9839
1 0 1 1 0 0 1 0 0
93 24691
13033 27721 19797 25690 3004 16241 6452 5620 1931 10612 5406 32164 8822 13823 24024 17830 7196 11079 20881 256 29371 10400 1059 24246 6552 4940 18582 7486 28322 17808 29669 21043 13138 13325 15621 23118 3285 32078 24100 1425 20333 6046 23343 21445 6421 4380 4502 21799 32612 5649 30035 863 21683 12672 7977 9905 18562 31743 4137 7031 26392 11462 20091 3023 15466 16646 16219 29073 7742 11644 25186 29828 24976 20037 20999 30929 32565 2292 11621 29111 27582 21730 20287 19585 9887 7621 30273 1973 17553 13444 17032 19087 31028
1 0 0 0 1 1 1 0 1 1 0 1 1 0 1 0 1 1 1 0 1 0 0 0 1 0 1 1 0 0 1 1 0 0 0 0 0 0 0 1 1 0 1 0 1 1 1 0 0 1 1 1 1 0 0 1 1 1 0 1 0 1 1 1 1 1 1 0 1 1 0 1 0 1 0 1 0 1 0 1 0 0 1 1 1 0 1 1 0 0 1 0 0
58 9753
3643 2622 17773 24811 22334 18954 8135 17886 2208 24695 31497 32192 5189 29418 13777 16451 6248 5821 32740 28334 24452 24977 31017 18130 6005 21478 16889 16960 986 20969 24726 30137 12223 7820 8184 1254 25209 3292 19408 32329 23504 23440 28103 13172 7012 28381 28678 24953 14153 23698 18684 15777 1525 32352 5211 14945 8028 32377
1 0 0 1 0 0 1 0 1 1 1 1 0 0 1 1 1 0 1 1 0 0 1 0 0 1 1 0 0 0 0 1 1 1 1 1 1 0 0 0 1 0 0 0 1 0 1 1 0 0 1 1 1 1 0 0 1 0
3 27789
9171 12802 10845
1 0 0
69 15924
2046 18589 12732 9887 25508 5177 23424 2760 32009 14252 24191 1276 8981 11470 22918 21480 2193 20182 8248 3247 32231 15638 25335 13114 30761 21989 3592 11472 2389 24028 9201 16614 11736 10053 5926 7224 4944 19920 26341 2584 15510 23176 863 22534 9980 25606 15640 6018 21715 32484 17296 12830 24881 4725 30499 983 241 26035 4654 28581 5370 30841 28019 8785 12741 31987 25535 30599 16409
1 1 1 0 1 1 0 0 0 0 0 0 1 0 1 0 1 1 1 0 1 1 1 1 1 1 1 0 0 0 0 1 0 0 0 0 1 0 0 0 0 0 0 0 0 0 1 0 0 0 1 0 0 1 0 0 1 0 1 1 0 0 0 1 0 1 1 0 1


