Test Cases:
100
8
14708 30182
27363 9759
6724 12026
13657 19690
23961 24340
21243 5488
7689 21763
15282 11010
24682 11733 21920 25418
8
15759 2823
3224 3432
28705 30567
30326 4370
13976 28647
26754 27274
21654 27382
31613 7009
8703 2866 2207 5306
6
20873 9005
6807 10248
15006 20558
27734 28838
19310 28955
22139 31193
20787 4853 4527 14129
5
6683 4873
9215 8143
31355 12685
25283 2256
29385 17650
28904 19874 32207 8617
1
31951 28164
5658 23402 179 26463
1
13802 13861
11117 14873 4410 22106
4
28999 30094
14341 5613
4795 1398
11203 20366
10626 28503 30647 4652
4
4892 13937
7970 19564
12329 7445
15643 23324
12176 27833 29662 6147
10
4878 14955
7672 11547
15939 19270
11832 17694
26662 4883
13487 3430
7309 28003
24947 27961
32500 9166
31634 25603
21351 25410 20749 18762
7
7066 26660
18660 12664
32114 21972
28520 29553
2618 23967
23266 183
27274 16011
25547 20275 32437 20845
8
20211 23969
23655 29521
31183 13782
16304 8965
1612 17620
24467 7676
16832 22698
28603 12237
21943 4036 941 4466
4
19205 2198
3065 27006
1558 3143
13179 26483
2557 30078 20050 29630
1
4455 15495
22415 6764 6754 29578
5
17027 7175
25126 15029
1907 22631
20659 13376
14972 4757
4494 26564 28914 25190
4
6240 24209
30068 14872
16175 10769
24937 24606
4022 28666 27514 10179
8
26554 26929
23802 22785
24308 7792
28080 4555
32540 15539
31742 31705
4417 26517
24740 581
13353 25238 12723 293
9
19483 8585
30896 6169
2486 18946
31650 14693
18856 14317
23778 30693
15780 19133
24674 8402
29398 15489
29511 23245 27428 26135
7
11195 23476
5020 11615
4307 13486
32038 27540
23797 22083
14262 19003
20798 5870
12904 25675 9177 32505
1
18180 26904
23876 3131 19666 4803
6
28291 8052
31152 26180
10084 9565
9619 15354
25438 24155
18200 14390
31113 29558 6191 19956
5
32283 5799
26008 9143
19066 19711
21110 1707
6444 7545
16791 21725 9241 17263
6
18333 27289
32490 25754
15438 2265
7793 18799
11474 7809
23327 183
3139 2195 15097 24886
4
29334 28030
1596 3159
757 22143
32550 32528
9890 15152 6183 15369
2
17792 8265
12215 15613
20902 20654 1342 22661
4
14620 28897
2840 5393
21945 32444
28339 6649
12818 14773 6646 7912
4
16048 13956
26112 13330
4098 22189
11366 17020
15656 20043 12187 17652
6
4841 7434
18697 18074
26411 8157
13320 21617
21866 277
12994 32348
15774 3546 22159 26082
1
14351 915
28970 25073 9514 5184
8
9366 8003
22044 14243
20678 7274
17349 140
31909 20542
8242 10443
23441 31676
22331 8299
17085 28500 18268 7307
9
29506 22710
25171 11904
2587 1366
15917 22019
16806 14010
31537 8102
1518 7313
28384 7480
10901 24771
27926 7801 7787 23729
4
12416 32063
13246 16824
11354 29686
30478 20145
6388 10970 13966 21745
8
10804 9012
9249 14209
27932 9864
12093 27426
5776 4963
2633 23912
31940 21494
28736 12461
32441 14607 25934 13503
5
20120 18750
32649 26402
22880 28214
30959 6473
25119 1954
24057 29056 29108 1390
4
23859 25264
12152 15957
19280 27672
5445 3872
14750 18791 9715 32648
3
9171 1134
2840 17368
8401 27623
15761 25856 14811 14466
7
10039 16753
26703 29187
32042 14686
10364 31204
19348 24124
17097 25734
25175 3130
32571 1062 3019 24861
9
27475 9814
16261 19972
10833 31805
6002 666
31676 19897
6150 20221
9325 16718
11917 2273
2722 11864
30394 14259 18520 30183
1
21527 15612
24012 3409 7061 25155
2
12064 19599
26711 12277
25262 24183 23859 16615
4
2623 25424
17781 10090
14096 15233
22579 30586
7998 9755 10803 23121
4
24410 7635
9118 29260
15104 984
15587 8634
9023 11969 15225 10570
3
20565 6101
13871 17030
21887 27145
9149 12694 13403 20365
3
4567 24721
24128 1360
22201 23010
18602 14397 1968 2304
10
20559 26074
24227 7290
11538 5346
26841 559
4141 19236
21149 7554
14740 19730
428 25616
5118 14294
18068 11257
1434 24377 21262 6376
9
17091 27277
23117 29279
24099 279
7917 17672
22738 15444
24989 15621
22772 2789
29514 20767
32127 17910
26173 12558 17310 4375
9
17385 23384
27719 3126
27361 12141
11346 20856
23599 9344
19806 23491
10827 21371
21440 28898
19295 17200
12052 30165 13563 25916
8
29395 24586
23089 32136
6287 18693
16628 21351
10939 16486
5475 22941
29642 8032
25147 27910
9723 13517 19001 14203
9
32360 11392
21154 14441
572 26683
3338 30376
23644 899
1399 22737
21717 14723
4218 3839
4577 13274
7237 19823 14941 29504
6
6719 7293
11117 6610
10358 11455
5687 8716
25669 28957
506 21350
5261 11399 7996 28767
8
24208 20881
26445 29004
27496 1981
23029 22550
10 24345
17241 16323
1718 5688
12241 27421
16290 4809 15197 24307
3
32447 19002
2146 26836
16560 12211
6227 12584 21371 14138
5
19199 16686
17335 31821
939 17703
31008 13914
27624 22905
9290 3774 7769 13201
9
1514 18998
29721 24144
17273 22079
3612 12588
22129 12276
10603 17714
19141 6919
1088 964
14366 5394
6178 26973 11738 8582
4
20772 8277
4579 3521
7873 15208
7727 5267
14959 15920 24993 32547
6
17425 3997
25236 7180
7930 29925
20723 30091
9962 6413
17619 15396
8883 5167 28724 10982
4
27873 29354
2344 16527
4708 15035
5733 15050
18206 5768 26698 7030
4
14256 28428
17090 30703
11889 5119
26245 18958
8208 9829 7114 32288
3
2691 6540
960 14126
24315 6334
12708 18259 3157 30095
7
29485 29407
30187 32271
10934 10935
22853 16539
30087 2598
5524 11549
14329 26159
26011 9689 21386 16744
2
16681 9858
23817 29234
811 11990 24643 32292
3
21580 2515
20957 6292
7648 8150
18900 19435 22118 4575
4
18171 25714
327 1679
28943 22901
9156 2243
25261 31784 13373 20445
7
21038 26077
13868 5594
27893 3431
25143 2818
32221 29897
7169 21267
30108 3315
1931 23960 13025 29161
9
22482 1079
29975 21436
10669 300
8678 28806
16114 32435
28812 12575
28862 8904
6952 8962
9011 23378
18702 15615 27501 15437
9
20099 20920
2344 11742
29722 1024
28012 25342
13618 3209
10399 2624
12066 24800
12648 31163
29035 23825
5108 27644 28477 32538
1
14097 10813
30368 14263 31201 31365
7
7142 13247
6124 10474
15182 31294
18568 13321
18258 16710
22642 25222
31090 26983
16073 17550 111 2158
4
17264 18608
8246 15678
12044 9189
14273 29028
16263 5098 2695 31440
8
15598 16910
23236 20752
17108 28091
12766 1693
5593 11496
4578 15154
29304 16183
7354 9888
6283 28453 5307 23672
8
2786 16938
11131 32504
24416 20991
4434 21940
27049 4584
5760 21422
12919 11665
9876 10883
2046 20771 14499 16971
3
21771 23541
25464 15445
22268 31999
14337 4872 25655 30353
1
11687 6410
17233 21530 13333 22934
8
14045 2543
2006 19067
10350 19488
23261 27101
20771 19631
15199 11011
18926 220
18803 28216
28732 5484 28567 24977
2
7489 9973
17444 4004
3629 20709 26997 27280
8
18866 4401
17709 25088
6305 26399
6006 6705
24879 16211
27004 17270
31131 25253
15883 32126
19108 32609 4234 802
10
4672 27171
31477 13693
23447 21028
13853 27843
13519 7589
20834 6106
23061 25196
27781 29777
31826 4365
27603 29456
12126 31317 30713 2270
1
17385 12314
26662 218 4139 16927
2
28915 23901
23887 7256
14164 24585 13087 25516
7
23712 31307
28055 24956
17505 10277
16111 15870
6524 21549
30471 9830
24184 31203
23088 26959 5330 3289
3
18441 3815
4876 20433
914 6419
14708 7181 13761 15899
10
8361 19141
10952 4330
10352 11982
29909 6025
4226 1034
18700 10857
1948 29907
17579 23770
21145 30247
32268 19427
14905 3672 133 14993
10
29700 16270
18575 10532
6472 17697
30455 705
30513 8039
28520 23021
11635 20880
16729 29970
19038 19458
2476 29527
20237 12215 14470 19234
7
24800 26975
4571 28974
11471 341
28916 4147
1811 1990
27686 2128
8677 27933
23805 3187 26051 13292
6
11476 3162
12348 27816
12514 25257
20769 15553
19836 30308
10385 4306
2917 12950 9589 19438
10
12171 13313
19023 18950
14829 14401
16794 3392
21805 5877
30307 21875
15652 16543
27380 24663
11003 29402
27466 31614
24904 9197 6753 27785
3
19616 25778
10651 31862
1103 31737
30222 30850 9020 16443
1
13922 24361
14856 5762 13250 5671
8
16666 30932
15273 29070
24421 1850
7132 22787
4634 12326
26939 30399
3226 5568
18526 31688
8043 23496 19986 27012
3
19324 9135
29889 4664
28348 17830
6648 30333 26220 4186
1
25166 26
3889 15596 9575 20192
4
4568 158
19340 19505
28772 29209
16383 17264
32542 4542 467 3817
10
4587 16449
3586 32232
14439 26945
30943 23027
25497 27122
12086 20460
28664 20029
26975 25239
4547 949
32683 26067
30450 17346 15351 22999
2
26879 27009
3004 18810
13280 5882 7996 26748
8
16092 26041
11227 16442
18941 9856
30782 3870
8293 15440
17665 29318
15452 11286
26595 31617
29640 6395 18686 15632
4
14752 4861
2952 27191
12968 13193
19255 31341
31352 16388 4682 5861
10
4730 8686
20007 24616
13012 31414
5516 5895
24655 4157
15952 5873
20269 24588
16616 25432
28331 28606
21142 19016
19250 30306 31034 30956
5
13600 4459
14676 29163
17184 31430
15733 13869
20647 24198
7026 30147 9603 17494
6
25804 24234
26979 21681
21259 12062
3508 28915
991 10259
11198 31318
17013 19540 20019 22416
6
29411 30748
10073 15257
15583 21287
1394 1245
8875 6210
8422 1908
23629 26216 1936 6494
6
31675 19165
25316 14974
1236 25043
18563 18008
30295 27730
12589 1063
9418 15258 31921 6599


