100
37 52
13 17
63 89
38 53
2 2
52 73
19 26
39 55
17 24
38 53
56 79
49 68
6 8
51 71
63 88
64 90
26 36
19 26
49 69
29 41
38 53
66 92
56 79
35 49
26 36
71 99
58 82
69 97
39 54
13 18
49 69
32 45
11 15
56 79
58 81
6 8
42 58
43 60
65 91
29 41
20 28
47 66
4 5
25 34
5 7
42 58
15 21
52 73
38 53
31 43
10 14
27 38
4 5
25 34
11 15
44 62
20 27
10 13
68 95
8 11
10 14
38 53
57 80
68 96
3 3
13 17
33 46
16 22
40 56
20 28
61 85
19 26
12 16
53 74
36 50
69 97
35 49
29 40
56 79
36 50
61 86
29 40
13 18
39 55
31 43
3 3
58 82
65 91
38 53
55 77
13 18
64 90
58 82
9 12
68 95
7 9
71 100
7 9
13 17
42 59
