100
5 9 19
10 16 10
9 6 0
3 14 16
4 19 12
4 17 2
10 4 3
10 18 14
5 16 3
6 2 1
7 12 5
2 4 13
7 3 5
2 6 3
4 7 0
8 4 0
7 9 0
5 0 15
8 11 17
4 15 0
7 9 14
2 13 1
3 11 19
9 8 16
7 2 5
5 3 6
2 3 10
6 15 15
1 0 3
10 8 12
4 13 11
8 7 16
8 14 15
7 8 15
10 8 19
1 8 13
10 17 19
3 12 8
4 8 8
2 15 6
8 14 16
1 4 1
2 3 3
9 1 16
8 12 3
2 14 0
5 7 7
9 14 10
6 16 13
10 8 7
1 4 9
8 3 19
2 11 18
4 14 3
5 19 1
2 14 9
1 11 2
6 16 0
3 11 0
6 1 12
2 16 16
10 7 17
9 15 15
2 13 14
3 1 19
5 13 16
7 5 15
8 8 9
1 8 13
2 10 9
5 2 5
6 9 2
6 6 14
9 9 2
4 2 16
9 10 17
2 17 5
9 4 10
6 17 17
3 18 13
6 6 14
8 8 7
10 14 19
8 17 6
9 19 0
3 7 13
7 8 0
1 5 0
9 8 0
1 10 7
6 19 2
8 11 10
2 4 2
8 6 11
4 8 1
10 17 7
3 7 14
5 18 13
6 19 12
2 9 12
