Test Cases:
100
51
-85 -10 -62 66 16 29 69 52 27 63 40 80 15 29 -81 0 -94 26 62 56 -40 -35 -11 81 -9 -20 63 -49 -19 74 -30 33 42 52 87 -80 71 -78 24 -46 -55 -72 -27 -43 30 87 -34 1 -76 76 100 
35
-86 -94 -15 -83 -91 29 -73 11 -80 -88 14 61 81 -63 -74 70 8 100 -8 81 -19 20 60 63 100 -66 -28 -99 38 65 37 -2 83 -2 -39 
95
0 16 -30 78 -37 83 -60 -87 5 47 -14 41 -20 29 79 63 8 86 6 8 -59 -30 -94 -16 -49 29 -83 -31 98 99 75 87 -51 29 -89 -25 -12 83 55 38 54 59 6 -12 91 -30 86 48 -69 -57 -74 26 19 -43 18 45 7 79 -32 -56 -74 48 -33 -92 -100 14 48 -62 30 -43 -45 -14 86 -91 -93 82 -20 -62 -89 -100 -88 73 -85 -33 -62 32 44 9 5 -9 16 8 86 41 -20 
61
23 -10 76 29 70 -75 -70 38 15 3 17 99 40 -82 -59 2 -56 27 74 91 41 -98 23 -85 -25 7 74 52 37 58 -42 50 -58 39 95 -76 26 -27 -39 -5 9 31 44 57 -4 66 60 57 79 26 83 86 28 38 88 -88 -4 39 -40 -7 -15 
59
23 -28 -82 -81 -21 -86 -38 63 -73 -30 58 -73 -98 -23 -70 -90 38 82 -6 -41 29 64 -73 80 60 87 -5 74 75 -34 73 80 -1 1 69 60 15 -86 88 -79 3 1 4 -80 89 -97 57 -62 -45 24 25 -16 -18 -64 -74 37 66 25 -66 
2
19 -79 
99
71 6 -68 -67 -58 74 63 -48 42 52 39 -50 83 99 -100 -60 15 -34 -64 -58 -67 22 56 -54 95 -90 45 24 2 -15 36 -22 54 53 81 -78 -65 17 -95 51 87 31 -41 18 -28 29 40 84 -23 -62 0 -29 90 -1 -21 49 -7 -99 -23 -74 6 -39 98 7 48 42 88 70 70 -91 15 21 84 -6 -49 -18 20 -46 34 -57 14 12 -95 -36 34 -20 85 49 58 42 -28 -72 22 -79 -88 6 35 -22 -90 
7
36 6 -20 55 46 94 -71 
49
-99 -41 -8 -91 98 38 72 38 -15 12 -30 -97 -30 17 99 -27 -24 50 -86 41 -33 -58 17 9 11 -53 6 71 -69 -39 -87 -62 -11 -91 60 -79 -30 -46 28 -70 50 -61 57 -92 -16 25 -56 50 68 
27
-57 -89 -36 -68 3 -96 26 -19 -81 -63 90 -62 56 97 -97 72 -15 60 -74 -2 34 46 2 -3 -22 -91 -79 
83
16 -11 -52 50 76 -18 -81 20 -16 -46 -12 -64 -27 79 17 50 27 95 -53 -93 -51 -56 55 86 57 10 79 21 -11 87 -26 -63 -61 61 -42 42 -16 -57 89 -20 -16 23 70 47 22 41 -2 12 9 -72 88 62 -57 -46 -9 47 -14 -88 -10 39 -39 -21 -94 87 64 -18 93 30 -22 35 -98 80 -49 3 -90 -66 -49 -64 78 50 -94 38 -51 
32
-21 -5 -59 -12 27 76 -94 61 -13 48 42 -49 49 -87 22 -40 -27 51 -45 80 -38 45 31 11 70 4 58 68 -65 -98 43 -90 
25
-79 100 -76 -86 60 84 -93 -19 -78 85 -17 80 55 90 -37 -78 -94 18 38 -1 -58 1 90 89 35 
61
65 45 50 -57 84 -76 -59 7 -50 88 90 30 -16 74 -43 94 -62 50 60 94 -29 -28 82 13 94 -36 -74 75 -21 -55 -39 56 -52 97 50 85 -78 -51 -8 -19 65 -85 9 -77 92 3 58 -86 52 -18 21 -87 -91 -91 -6 53 98 89 75 -27 69 
70
62 -65 99 63 -89 -17 51 58 -38 -86 -45 77 -75 29 23 -50 74 -57 70 18 66 93 92 -77 -4 5 -19 -93 -93 76 -50 45 -48 70 1 41 96 13 81 -50 91 60 2 -19 -24 55 -32 92 -2 -46 17 8 -20 46 34 39 1 -88 -21 85 -10 34 11 51 4 -93 39 51 -92 22 
2
-50 -58 
61
86 -55 -43 -4 -97 34 -37 94 23 -64 -16 53 40 78 43 -22 7 3 -69 -17 29 48 -82 84 79 31 84 -73 79 9 37 53 -21 5 89 -88 9 -2 54 64 -94 93 -58 66 12 -93 -80 -15 83 -36 -15 -87 -22 62 -47 -12 86 31 18 -88 49 
45
42 58 -66 -70 50 -73 56 35 91 -48 -30 87 -28 -98 34 -12 -29 83 -79 -21 47 76 28 -57 -100 -14 -74 23 -60 32 -87 -42 -36 -19 -84 -15 -47 37 7 -1 42 7 29 62 19 
5
1 15 65 -23 -69 
44
53 13 -75 -34 96 8 -53 96 -74 9 60 33 -48 -68 -17 -28 -26 -91 13 -34 21 36 -17 56 87 62 -9 -99 29 -47 -4 48 -9 -87 38 22 28 -41 -9 66 96 32 70 -81 
79
-29 68 8 -94 72 30 42 76 37 21 45 16 -26 73 -31 32 76 -79 -69 94 52 -92 13 -77 -95 7 58 14 -40 -89 66 40 -66 11 -77 1 -68 -1 -56 13 -46 33 -86 89 70 -81 -35 -24 -49 -13 -74 19 -39 78 64 -52 84 26 -79 90 -72 -56 -79 -36 38 -48 73 -46 -47 60 0 -34 -91 2 74 38 -88 -7 59 
58
-19 -28 56 93 47 77 -71 19 -93 -25 22 -31 -77 -68 -38 -11 44 -86 -75 100 84 -54 -30 34 7 -3 46 31 -61 -56 35 52 -83 -46 41 74 -17 42 -37 -6 -50 72 43 -54 18 23 82 -14 -97 18 67 24 -75 -22 32 35 97 -6 
83
93 51 28 91 -72 92 94 -67 -42 -88 88 -44 79 -44 39 -8 -34 -51 -32 -9 -32 -70 74 15 -58 -42 80 -33 -55 5 48 -64 76 12 83 54 19 -3 56 -95 -7 48 -62 -96 9 39 84 -14 3 -82 -94 28 93 -6 -5 -12 -68 -75 -37 -6 83 -57 -83 95 88 64 -51 -40 -42 -97 -6 32 72 67 95 30 84 78 -94 76 93 -11 -32 
38
55 -42 -26 -63 97 45 -64 -55 -90 64 52 -37 80 -91 48 74 -78 36 -45 -71 -74 -80 68 -27 -69 -69 -95 10 92 -83 81 87 -96 30 -83 -72 1 -4 
94
61 35 -88 -2 53 37 -73 14 69 18 9 85 -80 -63 23 -46 -10 -74 16 -31 79 -72 -98 -33 67 29 3 5 -55 36 -63 -58 12 -3 -12 -10 7 -6 -38 61 42 -88 -17 15 48 -77 61 39 -41 -6 -83 84 67 -55 21 -65 78 -44 33 -76 83 46 79 -47 80 99 -30 -40 -21 40 -77 -3 -85 8 -92 80 68 -55 -7 11 -26 -1 -5 -72 -98 -48 32 -97 -45 -38 41 49 -30 -77 
60
24 -22 -33 89 -65 46 87 -7 32 19 45 86 95 66 -81 43 -44 -53 -55 -25 68 19 -8 -63 -33 -70 68 -80 49 -60 -6 7 18 24 -10 -32 27 4 -99 24 -38 -98 -78 -5 -21 41 -6 98 -69 17 -17 -50 -20 -38 -43 32 28 77 38 -67 
97
59 32 -21 12 -38 83 -26 55 -34 -96 -67 -15 -62 67 88 -49 -88 -34 -80 18 -73 12 -7 13 13 -26 69 -33 71 -28 -85 26 98 58 -72 62 -45 -81 62 -84 -32 -62 -88 79 -75 64 -30 -94 -90 75 -53 66 52 75 -79 20 -45 19 66 75 10 -79 64 10 -39 -66 21 37 -26 -89 -49 25 -50 -91 10 32 62 35 32 46 -8 5 69 -66 -18 -57 -52 -47 -92 -91 -88 25 15 86 -58 95 51 
63
81 -24 29 10 -77 61 -14 -44 -38 9 -16 39 26 68 37 87 62 70 -78 -49 43 55 98 -86 -28 89 28 -1 95 5 -90 98 19 -75 -75 -88 29 17 69 63 -47 -13 -64 96 72 -56 35 86 -48 -91 -95 -29 -64 51 65 -56 75 -67 -5 -58 20 -17 -13 
56
5 -76 -90 66 100 -26 -96 60 50 -77 -20 -54 63 -33 -98 20 53 93 -33 15 -62 -24 81 -63 -86 13 -99 -60 -3 -43 58 96 71 9 30 50 -81 -97 -86 17 -14 -24 8 95 54 -98 56 -54 -70 43 -22 41 -72 -53 -68 98 
86
-15 -66 -33 71 -63 5 75 -64 2 -36 -1 56 84 43 52 -40 91 -85 -15 74 25 62 -32 35 -8 14 -53 -47 -21 -81 64 -60 89 -88 -72 50 48 39 -10 -28 -83 -3 -11 31 62 -41 -71 40 8 26 -6 -82 86 -26 36 72 -53 -12 -17 19 -14 67 -85 67 -31 61 84 -85 90 93 20 19 -26 47 30 -51 -91 39 50 -37 70 83 55 -45 -56 -10 
72
26 -80 7 -61 -88 -28 -79 -20 4 60 26 32 20 -38 7 -39 0 -21 41 91 70 -32 -10 62 -59 5 44 41 -84 -55 9 -99 -59 -82 23 -58 -10 25 -68 23 -4 -20 91 -82 76 69 -54 78 94 -66 -73 72 38 78 21 53 40 -67 91 -34 -91 -64 56 12 -61 -64 -15 74 -40 -61 87 63 
75
-39 -71 28 -20 90 -3 70 -46 28 70 23 51 -16 83 -35 16 -21 12 -14 -3 53 71 -17 4 -35 74 -44 -84 6 80 -50 58 13 53 -2 -24 16 -40 82 -99 49 59 -63 80 -88 21 -30 71 52 28 10 22 -80 -78 -13 -8 -11 81 -53 -80 -7 -77 -3 -47 -59 -16 1 97 -84 -40 95 -78 -19 -97 -53 
95
-13 20 98 92 49 -25 81 -3 63 -11 29 29 -14 19 -42 -9 -23 -38 -64 -50 -51 70 -50 -66 -32 32 -59 80 2 14 -64 -61 32 -31 17 31 84 -94 -10 -100 97 -33 -39 100 -67 -71 42 -67 -82 41 -35 42 37 72 -87 48 28 -70 99 -100 79 42 -72 -46 -46 84 26 100 33 88 72 76 -67 74 82 75 -3 56 -5 98 84 -64 -88 81 -10 -31 -98 -24 57 -56 80 -29 -26 50 89 
93
-36 97 90 -4 -3 17 8 37 -22 51 -69 78 -70 73 -47 29 24 -63 49 -15 -6 -33 56 6 -96 57 49 -35 49 -87 -74 -2 -43 56 -3 67 51 -2 21 66 -72 -51 91 -94 91 67 1 19 -13 61 -97 -54 25 78 77 13 -83 -6 17 14 49 -74 100 29 -69 -68 -1 -55 63 -41 69 23 -23 -56 -11 36 26 -55 -36 -54 -98 26 38 26 51 -57 -6 34 -65 -12 29 -79 -86 
22
10 20 -33 17 -23 -77 -92 52 69 -75 10 -72 96 -1 77 38 13 38 16 88 50 -52 
54
15 -1 80 88 -19 -28 -51 -3 -92 -9 86 53 -92 55 -40 48 35 68 -36 5 -83 -73 -4 -21 85 67 -91 55 11 1 -82 -46 -29 9 -88 8 53 -7 47 15 -33 -65 -80 57 -60 14 88 -69 -97 69 97 38 35 42 
87
59 58 -24 -62 36 75 -15 -4 -61 -95 98 89 9 -4 70 21 99 -43 75 -14 -45 -41 65 10 16 51 9 49 70 -68 44 68 43 -70 -54 64 73 92 -68 -82 -59 -69 76 -89 -95 -95 21 -58 -30 79 -23 -87 3 -83 70 96 -67 98 -20 -76 -31 -16 -19 98 43 -87 -79 4 -18 -17 32 89 -96 -20 100 60 3 22 -78 -39 -62 -61 -40 100 -41 -93 -63 
48
-67 95 0 -17 84 70 -65 74 -31 21 -8 39 60 -15 -91 -21 -42 2 71 -5 -91 91 79 94 -85 -35 91 -90 73 -75 6 -27 36 93 41 55 70 -6 50 -58 -74 93 -7 22 -92 62 32 -69 
43
-41 32 -74 -85 -32 51 18 -5 7 -34 79 91 92 70 50 67 -30 28 -47 59 85 94 -78 17 -15 99 -31 17 88 -83 -51 38 43 -30 39 14 47 42 88 78 -65 -56 -85 
75
45 -30 49 49 29 11 37 96 -18 93 -100 -76 -24 29 73 -34 68 -87 -81 -97 63 16 98 84 21 84 -73 46 29 -94 90 69 -62 -14 90 -8 -19 1 58 -99 49 -84 37 -65 -34 49 90 36 -90 35 -14 -68 45 49 18 -100 -88 70 17 -17 -1 96 41 -12 54 32 -53 93 -44 -56 -83 -94 -31 63 -59 
68
64 -38 -59 -5 59 -85 -33 25 26 80 -99 -66 69 -70 -72 -33 -32 89 -16 -79 -17 79 82 -40 -81 -72 97 25 -61 93 -81 -16 -3 -72 -73 -83 59 46 -60 79 72 85 2 -46 -58 40 75 67 76 16 95 79 39 -63 1 -14 34 -15 41 71 74 -1 -72 -41 -71 40 -91 -50 
21
-43 69 -18 63 -45 -44 9 -86 19 -37 -58 82 -68 -78 -28 52 63 -100 -47 91 95 
88
-59 14 26 -1 -86 22 -64 -74 -43 35 33 -32 23 -98 -50 -39 61 76 -76 -50 52 -26 64 -17 -10 -23 -51 31 42 -100 -14 60 42 -88 49 27 -94 69 -4 -31 76 -86 85 -71 70 -96 65 -14 -57 45 60 75 49 -61 -49 -38 33 79 -56 -73 28 95 -85 66 58 47 2 -21 -18 75 -48 12 -43 50 -24 -86 -2 11 25 -32 4 -50 -18 33 -23 3 -99 -84 
98
-51 28 -26 77 -84 98 -93 -18 8 57 97 -22 67 68 -7 -77 -7 18 -51 71 -25 -71 10 70 55 87 -1 69 -4 -46 65 43 91 28 39 -45 28 87 86 87 -99 26 87 -64 88 -36 22 9 5 -36 -64 -49 -30 -12 -8 72 -83 -4 11 -40 -23 97 4 57 -67 27 49 14 -79 -27 46 -49 -29 -35 -89 82 8 0 -25 -65 78 1 38 89 -3 -23 -45 25 34 4 -24 80 18 59 92 9 22 -69 
69
1 93 7 22 38 -45 -19 27 39 -94 73 93 -83 -90 -30 90 -76 60 10 -92 46 14 29 78 41 11 -89 57 62 16 -98 -12 63 70 -34 10 -88 -75 20 -65 19 82 24 -6 65 -77 -40 -10 -95 -7 -59 33 -56 -17 45 -50 57 67 80 3 67 -100 -52 -80 -68 -14 -17 -28 23 
17
74 15 40 63 52 58 -19 69 89 -81 64 49 -28 86 20 -10 54 
34
-58 -87 -88 -15 -20 -21 -88 17 -58 10 -78 50 -82 88 -33 -72 97 -22 84 32 -41 -5 -70 -87 21 95 46 -26 67 -7 -81 -38 87 100 
34
47 37 60 91 -48 16 -88 10 -63 50 8 -12 -23 -5 -9 1 48 -6 85 95 88 2 15 46 -9 -28 79 -63 -71 93 -2 -42 -6 -22 
15
17 70 69 93 -1 -89 -57 -25 53 -45 -80 78 17 -21 -34 
38
37 12 17 -80 11 -6 -74 54 52 -52 -58 -15 14 -6 39 -69 73 -21 17 -35 -7 11 29 48 -71 -80 54 34 99 96 54 67 64 -59 87 -66 -95 6 
18
36 49 1 26 75 15 -6 -62 -48 75 -35 -38 -38 41 47 37 9 22 
99
-12 75 -43 17 -67 -90 -77 -14 -1 -2 61 20 -49 66 -35 -55 -91 87 55 97 96 46 92 -24 4 -54 -69 -7 -20 -45 -14 -43 79 26 45 -62 -40 19 -7 -67 -46 74 -61 -6 67 99 65 -82 -33 58 -53 -6 23 27 37 32 37 -22 1 -7 -36 -93 -84 87 -94 -51 -49 30 7 -26 -88 34 -52 -50 -64 68 87 13 71 -99 -37 56 68 -81 -65 34 63 23 -54 -44 -73 -30 -3 0 -46 -89 23 -95 19 
89
17 55 -46 13 -44 18 11 -68 74 7 -50 -27 52 -40 -80 -100 -82 -96 -34 -96 9 -16 -71 4 -18 88 83 20 -18 -10 -67 -5 36 73 41 68 -46 99 51 58 -34 -8 -100 55 -18 67 -37 -85 -30 20 -8 -100 -94 -9 -17 -49 -95 -55 -72 92 -67 -89 -85 45 8 -33 -62 44 -75 35 98 89 5 9 -29 -45 -99 94 -7 -78 -14 66 18 -93 99 -75 -14 23 57 
60
-35 55 16 -12 -60 2 -29 -22 47 79 20 78 -66 22 -76 2 65 -54 -53 -28 -47 46 -61 46 -21 85 55 -45 -3 21 10 65 -97 -86 -31 -23 -78 79 46 71 16 -32 4 -100 79 34 -58 46 -94 -43 48 65 -69 -23 -97 89 51 70 21 62 
23
-99 43 66 -93 -50 -85 32 -83 39 58 -67 -47 -20 34 2 12 73 -6 -70 82 10 -62 -60 
76
-29 50 36 42 -45 50 51 -27 -17 -80 -80 -22 96 -18 -65 -75 41 -80 -31 -16 47 44 92 -64 42 81 -36 19 -30 -75 -6 -5 63 43 50 21 -86 -10 -63 -41 -25 -97 -2 -37 -30 88 99 96 -16 41 100 93 -31 -22 98 12 28 -90 -30 -18 -7 -70 33 -24 49 37 18 89 -17 71 -33 11 -64 -50 -12 -57 
54
-68 -65 -87 -38 -71 -35 -91 26 -28 -22 -64 85 91 100 82 85 58 90 -46 96 81 -59 -14 72 -77 1 85 99 -98 91 65 90 29 86 14 25 -26 -70 -93 -47 -43 96 -45 22 -83 18 79 -72 7 10 -63 -64 -84 -70 
73
-48 -25 -88 -89 71 -95 29 94 99 71 6 -24 -14 74 75 -13 -40 44 43 60 30 -29 -96 -34 83 74 63 73 81 -17 34 -94 71 43 3 -61 18 -3 51 62 -37 -50 -26 -80 42 9 -12 -81 -72 -46 18 -24 64 -61 69 -10 -33 -51 -68 52 -3 13 0 35 -61 -67 -15 -25 86 -100 -83 29 49 
12
85 -94 -56 55 -6 96 2 -5 52 -18 54 0 
64
37 67 -90 -75 -88 -73 28 -90 32 -65 57 -7 -36 -20 47 -91 -99 -35 -51 53 -57 21 -20 -80 -38 3 62 -17 95 86 19 7 38 -61 32 -36 27 86 -46 -43 56 -82 14 -18 6 -20 -55 21 38 13 27 12 -15 -31 64 -72 14 12 64 81 79 26 -36 -11 
74
15 -12 -7 -70 52 -8 58 -75 -1 -11 -80 -79 -73 10 -24 30 -46 38 -87 -71 47 48 89 -23 -21 79 24 39 99 92 39 44 -11 35 -33 83 -34 54 38 90 -28 -20 4 -100 43 -52 5 -83 15 51 -76 11 92 1 -10 25 -75 -5 -88 26 -85 -48 51 -74 27 40 74 100 -51 -58 48 48 87 -46 
61
63 -92 -46 70 -12 -100 -83 34 8 -99 56 -58 -11 -46 90 62 35 34 -9 45 -71 -38 42 -95 -68 93 -57 -34 -63 74 97 52 69 79 -80 40 -36 -32 84 52 59 45 64 -20 -82 14 33 12 5 -7 -57 -47 -9 92 95 84 78 40 50 -29 -52 
64
-27 89 -72 72 39 -90 22 64 -11 10 26 71 -44 41 -72 -66 90 -80 12 -94 51 30 -95 -11 30 37 -16 23 -58 -26 -92 -96 -62 20 1 -23 -24 -8 -29 90 73 -59 -69 71 -47 4 -32 20 -82 -40 86 39 32 38 -82 93 80 30 32 29 -8 1 92 -56 
74
-70 -23 59 -82 -82 77 13 -40 -80 -77 -66 -14 45 34 23 -30 -78 -10 39 -89 75 -96 -86 71 -71 -43 22 73 -4 11 45 -34 -85 -94 -58 -75 34 36 85 77 28 -96 -99 70 75 -37 -4 90 26 46 -83 -1 -50 -14 28 25 28 24 -75 -54 24 31 69 -83 -95 -37 25 -42 8 -1 12 38 -38 -69 
95
-97 -96 37 27 -78 96 -98 52 -100 -12 -62 79 -43 40 62 44 60 60 -47 -36 -53 33 83 68 72 28 -50 -22 47 40 -23 -37 -99 87 -19 97 92 -12 -37 -1 -75 28 -34 -18 68 91 22 41 -26 12 22 -68 -17 67 -71 5 15 -2 -70 31 -82 13 -11 -3 -44 80 -38 44 36 -34 -30 71 62 47 -72 -81 -43 -72 13 -49 -71 99 -63 44 -52 -25 -74 -52 32 -52 11 87 44 26 34 
3
58 56 2 
76
-31 -80 7 -44 5 -77 -78 -51 24 -71 85 -21 57 56 29 56 -37 -40 36 -45 55 14 -80 -71 13 64 -61 56 87 -80 -45 75 -97 -41 -83 -87 -74 55 91 -14 58 65 23 96 -4 -56 78 -35 -60 41 -49 79 -88 59 16 17 12 -81 68 36 26 86 -81 -16 56 -4 67 -37 -86 -30 29 17 35 -49 -24 53 
35
-67 -99 67 -22 45 -74 -83 -68 66 -93 72 24 4 -81 -46 -53 85 35 24 23 -11 -26 -96 -64 -91 -48 -96 -70 10 13 -52 93 -78 -23 -95 
9
28 -54 58 -69 -69 54 87 19 -47 
95
11 11 -25 -99 -26 2 95 -93 91 49 23 -50 -24 -79 77 -43 70 -24 -79 3 97 42 61 -45 39 16 78 -60 -74 -47 18 -32 -34 85 -69 -52 96 -22 92 69 60 18 -11 -70 28 -37 21 -16 60 -68 69 -57 -62 47 34 21 -16 -9 32 -82 -86 2 72 -98 -40 -89 43 43 -94 -58 -15 11 -89 89 11 63 -77 19 -87 3 -64 62 7 -11 -23 77 61 -30 -32 -41 59 -34 59 -89 -4 
61
84 -53 -84 -88 -5 69 -12 22 -93 12 0 -54 -11 30 60 62 88 -53 -93 -15 42 0 68 -29 53 -92 -69 -85 14 30 -97 -18 12 -74 82 -82 21 -79 -55 -52 89 23 -12 37 39 -51 -27 -38 68 85 66 19 29 95 -3 -74 49 -76 -61 30 -72 
100
-82 -71 -13 82 -12 71 -83 75 -95 -32 67 51 -68 16 -71 -86 -10 48 -2 57 81 12 98 9 18 98 -42 -15 95 25 2 52 -9 -9 8 -57 6 14 80 88 -54 -1 3 -71 98 37 15 49 68 11 -32 -68 81 -53 80 9 -85 78 -73 -29 -70 69 -91 16 80 18 58 -63 14 52 -28 -98 -38 -78 56 -24 76 67 93 88 -20 69 43 83 -93 29 75 -58 92 4 95 44 94 -45 -6 -83 -30 15 76 -28 
71
-89 -67 72 65 -59 -77 1 -21 -66 43 -53 -88 4 49 -33 -72 -73 61 48 -31 -32 -47 62 -52 -67 61 70 64 -69 -20 60 -60 -15 -42 -67 -14 18 98 -86 26 -90 16 -66 82 -71 -13 -55 26 -58 66 -41 -16 -3 -35 -13 -7 98 0 -12 -18 48 51 -95 26 93 -73 18 76 49 22 -81 
22
100 19 -32 -85 -89 20 71 1 25 -1 -87 5 56 -31 57 21 -30 -48 -31 -39 4 -59 
17
26 -94 -19 62 -97 82 -84 -89 80 68 -63 -62 65 -52 84 76 -31 
75
34 -63 96 67 -35 27 -39 -59 -59 -86 57 -26 73 -61 30 -62 -72 -24 57 99 -29 74 -70 8 -72 -60 -7 -8 87 4 -31 -6 20 39 -30 86 -77 -83 60 25 45 -87 -47 74 26 7 33 -49 41 76 -62 35 -64 95 24 -38 3 71 -11 -66 94 -12 -41 -4 66 32 -68 -82 -11 70 72 87 30 51 -64 
7
-35 -20 -57 -66 79 80 -26 
67
-63 -55 -13 19 59 1 -43 12 -41 55 16 90 -44 -75 -80 -89 63 -97 84 33 -91 7 -74 88 17 28 4 -57 47 79 13 -95 70 -100 -43 -87 48 11 16 5 84 -85 -69 44 -64 -84 82 -44 31 -67 88 27 -22 55 57 -43 69 19 -29 63 31 -31 -91 26 -5 -76 -8 
68
0 -25 -87 36 47 -15 23 75 -71 -3 -1 87 -63 -27 8 51 4 58 74 80 -7 -90 -95 24 -6 53 -45 26 -53 71 73 -61 16 -56 7 -30 -1 -29 -79 24 -79 -45 56 83 -6 -74 82 -47 5 79 -52 94 18 -49 11 5 -56 -1 38 -44 -82 92 90 -46 51 -15 80 24 
57
77 -28 0 -29 -25 63 62 -12 -10 61 20 95 -34 78 -11 -54 99 -8 23 -15 88 82 13 81 31 57 -40 -57 -51 -76 -52 -93 -13 54 -65 5 21 44 91 69 58 18 -30 29 -24 63 81 -53 -16 79 -59 68 -6 32 -68 -27 36 
53
-87 -5 72 -33 45 5 96 -56 25 12 65 54 -16 -41 -84 -51 -20 50 -59 -71 51 -43 -56 18 71 29 -15 32 -2 100 -72 -87 0 -30 2 32 -48 -30 78 -45 93 59 74 -46 91 -51 38 -35 68 62 -100 -78 -94 
40
9 75 -45 -47 -88 63 30 -66 40 22 57 -79 -39 -18 56 -8 -86 -83 14 70 -4 28 -93 -98 7 100 85 35 78 -88 6 7 100 39 -4 21 26 -85 4 -79 
3
-70 -32 -54 
96
93 92 38 70 -30 -100 57 -18 -21 75 45 81 96 -66 19 -96 -25 52 -32 26 6 31 57 -20 6 29 77 91 45 61 23 80 48 -72 30 -90 -22 -85 86 -27 -72 -17 -33 25 25 -28 -83 -7 14 96 -15 -98 5 -59 -31 11 -32 -42 -28 -49 96 98 2 70 -37 -19 73 89 -84 61 87 -86 24 -49 39 93 75 -24 -90 -49 -45 -80 30 -67 -20 51 -71 -49 45 1 -36 77 -69 91 -11 -43 
88
16 30 -45 99 -10 76 -77 12 63 -9 33 -48 -15 54 -22 -74 54 69 11 -14 -67 -24 30 -95 93 -33 56 -85 99 -24 -57 13 -59 -63 -45 -68 -11 -79 -64 79 -79 -69 87 73 78 63 83 92 -13 10 -70 0 -5 21 61 44 -78 73 -18 -76 22 14 21 64 -4 2 25 -36 -3 -27 59 26 98 -73 -15 -11 -22 -83 52 31 -72 -53 -33 -79 -100 43 71 -43 
84
-67 33 -30 0 20 -15 100 -26 -10 -6 50 -15 38 10 60 86 17 -32 -44 44 83 63 -69 45 -63 -91 -25 -53 89 57 -21 73 -28 87 -30 19 -20 7 -68 21 46 -13 -42 -9 3 98 16 -67 18 -49 -44 84 74 -97 16 47 4 24 82 86 73 27 49 89 -12 -85 -41 -89 -38 72 -14 6 86 23 -6 67 16 14 -51 38 100 -43 93 -42 
31
-57 -90 -16 -53 76 -96 91 -23 -25 -71 30 -63 -19 -95 -46 84 -60 98 -42 -18 14 -38 -70 97 53 -65 -73 13 87 -23 -38 
91
-54 69 53 -78 -78 13 11 68 91 4 -100 -46 44 79 61 -50 -19 -66 42 -12 -30 -5 -69 -70 -96 60 86 73 -43 -51 28 92 75 -35 -6 70 -78 -99 -90 50 -40 69 62 -62 -49 81 -5 16 -51 -28 -31 -89 -13 -47 71 78 47 31 -69 -42 53 69 -55 13 81 82 86 86 -84 -23 -86 -70 -44 -56 1 -44 52 20 -37 22 -4 -96 -5 -49 58 -6 -12 -38 -47 -15 31 
42
-21 -100 -61 13 -83 -75 -41 44 49 -31 -16 -45 52 71 -48 44 -19 -67 15 -38 63 60 -78 49 73 12 -29 76 93 60 97 3 11 -52 84 26 -85 31 -15 -19 -48 -73 
79
62 12 99 -99 8 79 -30 43 -87 94 -38 85 -62 10 13 -49 -12 -79 24 -28 -35 -63 10 91 64 21 -62 73 99 -48 12 -10 47 -7 -92 -29 30 -38 10 -17 15 13 -25 -26 100 -57 -84 92 -76 -94 63 69 -16 21 32 -78 -6 -45 10 83 -17 75 -84 79 -30 -50 -11 35 42 -48 33 19 74 -45 72 23 4 44 -21 
36
-15 85 -27 -83 -18 37 50 -26 -41 43 35 20 -26 33 39 -81 -28 25 57 99 -40 70 -48 -31 -35 30 38 -1 73 -24 -42 -10 -58 -93 -12 0 
64
41 38 -97 -25 -2 11 29 -10 39 -95 -96 58 -40 39 -72 69 13 -4 -96 35 -46 90 20 -88 90 -69 -92 32 5 -57 -46 74 -9 81 -8 -86 -69 -45 -10 -95 -12 -48 54 91 92 90 16 17 -6 -95 -61 100 42 52 -53 80 43 -91 -83 -41 7 98 -53 66 
64
-12 -27 -65 -51 -89 -52 -26 84 -52 40 22 -59 -26 4 20 100 -49 25 40 -21 -25 -6 -84 -32 3 15 -99 -56 -75 96 37 16 79 26 51 -52 -64 78 17 19 -37 -26 51 33 85 90 63 -81 -88 -31 13 72 -70 98 -76 -91 51 38 -96 35 -72 61 -43 64 
67
-24 -52 18 -93 94 26 -35 -3 10 64 79 24 -6 -95 -59 94 4 35 4 1 -47 -18 4 16 60 81 83 19 43 -33 11 -87 84 -20 48 -85 61 -53 17 -27 -44 10 -8 18 -1 74 -62 -86 23 -7 59 89 1 -76 64 -35 1 7 97 -64 -16 -23 84 90 61 -31 -92 
11
-8 -80 -67 -86 54 97 69 -95 -82 58 -24 
95
-44 50 -91 -80 18 -39 15 -95 36 -62 74 26 -15 63 -4 -58 59 10 77 -75 40 37 -17 -13 -8 14 10 -44 -78 -82 28 -43 -23 31 23 36 -78 78 68 -61 -25 -5 6 70 77 71 -43 -20 71 66 19 14 93 -46 -77 52 -98 -83 -98 47 -92 93 -56 14 -96 34 71 0 -5 19 -76 -99 61 -43 87 51 34 20 75 46 -65 -31 -5 -90 -6 -89 13 -88 -37 24 26 80 -67 -31 77 
97
-3 17 100 -14 37 -95 -7 -55 6 94 96 -25 -14 88 -53 84 -57 9 60 -1 -76 -96 -1 69 -14 24 65 -26 -13 -70 75 84 -36 18 -29 0 3 13 -36 -65 -57 -85 -6 82 -11 36 68 -16 19 -39 59 100 13 -93 -87 -45 45 85 85 66 9 -97 69 40 -47 -57 -80 53 -7 8 21 64 58 27 -38 10 63 -26 13 -73 -67 58 30 29 -68 54 98 -86 40 27 -42 -93 80 -7 -100 -89 -41 
36
-13 -15 53 100 49 39 -17 90 -39 27 -49 1 75 29 -97 3 17 35 95 58 -29 21 -75 -52 -71 81 24 83 94 61 15 93 7 46 -32 95 
19
83 -10 34 -61 15 -40 -28 19 -83 -17 -23 39 -17 53 -9 66 50 93 26 
63
-24 16 8 68 -7 4 72 3 -89 61 -60 0 -61 -10 55 52 84 -76 -82 -90 -53 76 20 -78 -48 -86 99 -9 -84 -16 80 2 6 -40 -14 -68 -100 55 63 -6 75 14 -24 -41 79 -44 28 35 -52 28 34 -85 -17 -67 40 90 52 -79 0 62 35 77 20 


