Test Cases:
100
3 1 13
8 4 1
2 13 14
2 3 19
9 17 0
2 12 7
8 16 2
4 12 9
1 3 7
7 18 19
7 9 4
9 16 2
3 13 16
8 19 15
2 8 7
6 7 12
6 3 14
2 16 17
4 1 18
5 6 15
5 8 16
8 7 1
7 3 2
4 17 7
6 6 18
9 3 13
4 19 3
7 6 14
9 0 0
8 0 6
2 10 13
1 1 1
7 10 6
9 0 17
10 17 18
8 18 3
9 7 12
3 16 15
7 1 18
10 13 15
10 10 11
10 14 2
10 7 5
4 4 13
10 14 4
4 7 0
4 0 7
8 19 9
8 11 4
3 0 17
2 5 9
8 7 11
2 11 16
3 6 7
3 9 3
4 3 19
6 3 19
8 3 3
8 15 2
2 0 15
2 10 0
9 15 19
5 18 19
6 10 9
4 3 8
1 18 11
3 6 13
10 8 8
2 5 0
8 0 9
3 9 7
7 8 1
6 12 7
4 15 5
9 18 8
4 6 15
10 2 19
6 2 19
5 10 0
5 11 11
2 7 1
5 18 6
6 9 14
10 12 12
3 9 6
4 6 17
4 10 15
1 8 10
6 0 19
6 2 17
7 17 10
1 11 12
5 5 12
1 0 11
9 11 1
7 4 16
4 12 9
6 10 14
7 15 7
1 2 2
