Test Cases:
100
5 4 11
8 17 10
9 16 19
8 16 12
8 5 15
6 12 1
10 18 3
3 5 10
7 2 5
8 4 13
8 13 0
3 9 5
7 2 4
7 16 2
4 5 12
3 4 4
9 6 14
8 3 10
2 15 11
7 2 1
3 5 10
5 6 12
7 17 7
1 3 16
1 2 7
6 6 10
8 10 6
2 4 2
9 18 17
3 12 8
2 7 2
3 17 18
10 16 18
6 18 11
3 14 17
2 4 18
10 10 13
4 1 0
1 19 14
3 15 5
1 13 14
2 19 10
3 13 2
3 10 11
10 8 13
7 4 6
5 14 18
8 16 2
8 6 8
3 0 13
4 13 17
3 18 9
9 4 10
4 12 1
5 11 13
1 0 10
5 17 14
1 5 4
6 13 7
4 15 4
2 12 3
3 12 13
6 9 15
2 15 8
4 10 17
4 6 17
6 11 5
3 10 4
8 5 8
4 18 18
8 5 17
4 5 2
6 17 5
10 1 5
7 9 4
6 14 15
8 17 2
3 17 10
1 10 19
9 10 16
8 4 6
7 6 7
6 18 12
7 4 11
8 1 4
8 17 5
10 7 3
2 5 17
6 8 2
4 6 11
10 12 11
4 14 19
10 10 5
1 4 7
9 9 18
1 7 19
9 11 8
5 11 2
5 18 1
5 10 1
