Test Cases:
100
2 18 14
2 8 6
5 0 11
8 18 8
5 5 12
5 12 19
4 11 13
4 10 15
9 9 9
1 12 10
2 2 10
5 14 6
6 4 3
3 9 10
8 17 16
3 2 9
7 4 12
8 12 7
7 12 3
7 7 19
7 15 18
5 18 18
8 10 12
2 4 0
10 0 16
7 15 12
9 1 10
9 11 9
4 14 11
3 19 3
1 2 5
4 9 0
6 6 17
8 11 13
1 11 15
2 10 5
10 15 15
6 17 5
4 15 4
1 7 12
10 16 13
3 6 7
6 18 9
1 5 16
5 16 7
9 3 16
2 6 11
3 2 11
3 17 1
9 1 11
1 6 5
1 14 19
10 19 10
1 16 7
10 17 7
10 12 13
4 11 9
8 19 17
9 17 5
4 16 0
9 0 4
3 10 15
9 6 16
2 11 17
5 1 14
7 4 16
6 8 3
3 1 17
4 11 7
3 15 18
8 4 1
8 4 7
1 8 9
10 17 3
6 6 13
8 11 7
10 9 17
9 0 0
5 7 15
9 16 2
3 4 3
4 16 16
5 14 6
8 12 3
9 10 7
5 8 19
4 11 5
7 14 13
1 15 2
7 15 8
6 15 5
8 4 18
3 2 15
8 12 8
10 9 15
4 10 15
6 15 9
9 16 8
7 1 3
2 9 18
