Test Cases:
100
8 7 2
5 9 8
5 7 19
2 0 15
6 4 4
3 13 8
4 0 4
6 4 8
9 18 13
6 19 9
5 1 7
4 7 4
6 1 4
4 7 19
10 16 6
9 3 15
2 16 13
10 0 11
7 3 11
7 11 1
3 13 0
2 0 2
8 4 11
8 18 10
4 6 2
6 0 7
9 7 10
1 6 3
4 15 11
3 8 3
6 17 5
7 17 15
6 4 12
7 5 6
3 7 18
1 17 9
8 17 3
5 12 3
3 15 12
5 13 0
3 9 15
9 3 4
9 15 3
7 8 14
10 12 9
3 9 12
10 18 18
3 1 1
3 17 3
7 3 2
10 19 12
1 2 0
2 3 19
9 9 3
1 15 7
8 4 19
7 3 16
7 10 17
10 7 6
10 7 4
2 10 15
10 19 1
5 3 8
2 3 17
7 7 13
4 9 11
2 13 6
2 12 14
3 11 15
3 9 8
4 9 14
1 18 6
3 3 19
5 4 5
5 0 17
9 19 0
1 6 5
9 4 13
4 10 11
6 8 10
5 16 5
7 13 3
6 9 0
9 9 0
3 11 7
2 0 17
8 11 6
5 18 2
8 12 15
1 4 1
7 3 12
4 15 9
2 8 2
6 18 3
5 7 13
2 6 15
5 7 9
2 0 10
7 1 5
1 2 17
